,3704812089.057,51.4661064147949,9999.9404296875,,,2,,,,18.4800000810623,,,,,,,51.4661064147949,51.4661064147949,9999.9404296875,9999.9404296875,,,32.1376304626465,,,,600,51.3851470947266,0,0,0,0.042572021484375,38.1231689453125,,,,,,,,,,,,,,,,
,3704812334.951,52.2390022277832,9999.98681640625,0.000485054496872336,2.06002304080509E-7,1,14.9888003110469,40.0298881530762,1.99838816718069,18.4599999338388,0.00532714811890878,0.000983662985535624,0.25,1.58635801266373E-6,0.000484514595996578,4.70176022810621E-6,52.239200592041,52.239200592041,9999.9638671875,10000.009765625,50.8894880015631,17.9518841156818,32.1712684631348,0,0,0,600,51.9582328796387,1,4,1,1.9769287109375,48.3870964050293,,,,,,,,,,,,,,,,
,3704812349.9365,52.2385921478271,9999.96826171875,0.000485382183161683,1.26235686852065E-7,1,14.9888003110469,40.0298881530762,1.9983797299498,18.4599999338388,0.0053306581515917,0.000984691833104281,0.25,1.62095816255646E-6,0.00048484164230895,4.7384224133893E-6,52.2388038635254,52.2388038635254,9999.9638671875,9999.97265625,51.0934930450823,17.9566259767299,32.1488418579102,0,0,0,600,51.9590759277344,1,4,1,1.97677612304687,48.3870964050293,,,,,,,,,,,,,,,,
,3704812364.8945,52.238883972168,9999.97509765625,0.00048550894537457,1.23874141684746E-7,1,14.9888003110469,40.0298881530762,1.99840865105922,18.4599999338388,0.00533205961721676,0.000985318053689501,0.25,1.65372182950224E-6,0.000484968098004369,4.77196918854676E-6,52.2383804321289,52.2383804321289,9999.97265625,9999.9775390625,51.0934930450823,17.9571225221455,32.1600570678711,0,0,0,600,51.9578857421875,1,4,1,1.97372436523438,48.3870964050293,,,,,,,,,,,,,,,,
,3704812718.749,57.3095703125,10000.26171875,,,2,,,,18.489999691546,,,,,,,57.3095703125,57.3095703125,10000.26171875,10000.26171875,,,32.7207260131836,,,,600,56.9739379882812,0,0,0,0.042877197265625,48.3870964050293,,,,,,,,,,,,,,,,
,3704812799.655,57.2840118408203,9999.98486328125,0.000457543530404905,1.42838151607771E-7,1,14.9888003110469,40.0298881530762,1.99821661678732,18.4799991548061,0.00503353122387989,0.000920022110700602,0.25,6.87422139385542E-7,0.000457701860740543,3.61253126523601E-6,57.2847099304199,57.2847099304199,9999.982421875,9999.9873046875,51.2662329478324,17.956984719941,32.6870880126953,0,0,0,600,56.9810028076172,1,4,1,1.99447631835938,51.3196487426758,,,,,,,,,,,,,,,,
,3704812814.6165,57.2833137512207,9999.98486328125,0.000457051323826294,1.63601956511273E-7,1,14.9888003110469,40.0298881530762,1.99819582289723,18.4799991548061,0.00502814145891793,0.000918605252328145,0.25,6.48694453240485E-7,0.000457209640839974,3.57065570907844E-6,57.2833137512207,57.2833137512207,9999.982421875,9999.9873046875,50.97390388164,17.9561538921526,32.6758728027344,0,0,0,600,56.981273651123,1,4,1,1.99142456054687,51.3196487426758,,,,,,,,,,,,,,,,
,3704812829.578,57.2826862335205,9999.9873046875,0.000457102983235152,1.60038957796668E-7,1,14.9888003110469,40.0298881530762,1.99828148187174,18.4799991548061,0.00502900804787309,0.000918225361646342,0.25,6.01415441391459E-7,0.000457261543694523,3.52370123635395E-6,57.2833137512207,57.2833137512207,9999.9873046875,9999.9873046875,51.4608584491208,17.9550291880935,32.6870880126953,0,0,0,600,56.9808387756348,1,4,1,1.9921875,51.808406829834,,,,,,,,,,,,,,,,
,3704813234.3605,62.3396072387695,10000.0166015625,0.000437018578157061,1.39835719025275E-7,1,14.9888003110469,40.0298881530762,1.99795567961548,18.4799991548061,0.00481395572513541,0.000874716408728902,0.25,3.44270115841011E-7,0.000437710425690044,2.99957084822707E-6,62.3411521911621,62.3411521911621,10000.009765625,10000.0234375,51.4350647079862,17.956294181854,33.1580505371094,0,0,0,600,61.9888534545898,1,4,1,1.97769165039062,53.2746849060059,,,,,,,,,,,,,,,,
,3704813249.377,62.3388652801514,10000.0166015625,0.000437049330909681,1.40964075346577E-7,1,14.9888003110469,40.0298881530762,1.99816635471624,18.4799991548061,0.00481453492860842,0.000876196863768339,0.25,4.65109076249219E-7,0.00043774042289195,3.12081501716949E-6,62.3380622863769,62.3380622863769,10000.009765625,10000.0234375,51.4983766180439,17.9653194509406,33.169261932373,0,0,0,600,61.9902687072754,1,4,1,1.993408203125,53.2746849060059,,,,,,,,,,,,,,,,
,3704813264.2655,62.3392810821533,10000.0166015625,0.000437056722727122,1.43909345201224E-7,1,14.9888003110469,40.0298881530762,1.99793209171571,18.4799991548061,0.00481446192167686,0.000874007105975267,0.25,2.73870824768182E-7,0.000437749027575426,2.92930315702679E-6,62.3396682739258,62.3396682739258,10000.009765625,10000.0234375,51.6382881229862,17.9608707851644,33.1468353271484,0,0,0,600,61.9895896911621,1,4,1,1.97784423828125,53.2746849060059,,,,,,,,,,,,,,,,
,3704813348.208,68.3691864013672,10000.0380859375,,,2,,,,18.489999691546,,,,,,,68.3691864013672,68.3691864013672,10000.0380859375,10000.0380859375,,,33.7075080871582,,,,600,73.2973327636719,0,0,0,0.0408935546875,50.3421325683594,,,,,,,,,,,,,,,,
,3704813669.001,67.4073600769043,9999.8525390625,0.000420863648967551,1.36460342145346E-7,1,14.9888003110469,40.0298881530762,1.99785886001618,18.4799991548061,0.00464035406596034,0.000842381637445474,0.25,4.6181669032712E-7,0.000421932889808436,2.82185459688614E-6,67.4098510742188,67.4098510742188,9999.8525390625,9999.8525390625,51.1951047525823,17.9622524051838,33.5841598510742,0,0,0,600,67.0054473876953,1,4,1,1.98165893554687,53.7634429931641,,,,,,,,,,,,,,,,
,3704813684.0035,67.4041748046875,9999.8544921875,0.000421698058283513,1.34109489263982E-7,1,14.9888003110469,40.0298881530762,1.99796250343988,18.4799991548061,0.00464960010759953,0.00084509424137744,0.25,5.53392946216672E-7,0.000422768692449917,2.91847464534357E-6,67.4048690795898,67.4048690795898,9999.8525390625,9999.8564453125,51.3389244001208,17.9660326178393,33.5953712463379,0,0,0,600,67.0087356567383,1,4,1,1.99371337890625,53.7634429931641,,,,,,,,,,,,,,,,
,3704813699.0195,67.4030494689941,9999.849609375,0.000421877141402313,1.39866188991555E-7,1,14.9888003110469,40.0298881530762,1.99796015271236,18.4799991548061,0.00465204580809235,0.000842806859545811,0.25,3.13731476342646E-7,0.000422949497684341,2.67925409473175E-6,67.4034805297852,67.4034805297852,9999.8427734375,9999.8564453125,51.830568738717,17.9637077297006,33.5841598510742,0,0,0,600,67.0113220214844,1,4,1,1.9775390625,53.7634429931641,,,,,,,,,,,,,,,,
,3704813977.677,72.6022262573242,9999.8564453125,,,2,,,,18.489999691546,,,,,,,72.6022262573242,72.6022262573242,9999.8564453125,9999.8564453125,,,34.0102691650391,,,,600,72.1140747070312,0,0,0,0.04669189453125,50.8308906555176,,,,,,,,,,,,,,,,
,3704814118.6525,72.477180480957,9999.861328125,0.000409068780227319,1.4586497739597E-7,1,14.9888003110469,40.0298881530762,1.99785541961212,18.4799991548061,0.00451360557702879,0.000818482854203315,0.25,5.82242990671516E-7,0.000410395024691402,2.6663756865245E-6,72.4773178100586,72.4773178100586,9999.8564453125,9999.8662109375,51.6672083781978,17.9657723350059,33.9766273498535,0,0,0,600,72.0878753662109,1,4,1,1.99462890625,53.7634429931641,,,,,,,,,,,,,,,,
,3704814133.624,72.4766654968262,9999.8544921875,0.000408934770844339,1.70163768160895E-7,1,14.9888003110469,40.0298881530762,1.9978081870691,18.4799991548061,0.00451186933033974,0.000819063808644406,0.25,6.60634633446781E-7,0.000410260156261868,2.74436118517746E-6,72.4770431518555,72.4770431518555,9999.8525390625,9999.8564453125,51.5288601302939,17.9670813493848,33.9766273498535,0,0,0,600,72.0886001586914,1,4,1,1.9805908203125,53.7634429931641,,,,,,,,,,,,,,,,
,3704814148.6515,72.4759063720703,9999.85009765625,0.000408785103721779,1.55271838147831E-7,1,14.9888003110469,40.0298881530762,1.99786624083643,18.4799991548061,0.00451079791901174,0.000816252271386225,0.25,4.30738401558813E-7,0.000410111136873497,2.51298746102925E-6,72.4762878417969,72.4762878417969,9999.84765625,9999.8525390625,51.7844526560824,17.9696772406046,33.9654159545898,0,0,0,600,72.0904922485352,1,4,1,1.9964599609375,53.7634429931641,,,,,,,,,,,,,,,,
,3704814553.319,77.5425453186035,9999.8681640625,0.000397528518276263,1.72109941167871E-7,1,14.9888003110469,40.0298881530762,1.99773036352919,18.4799991548061,0.00438692025612642,0.000802722630262541,0.25,1.39595833061025E-6,0.000399011016011926,3.22738768225525E-6,77.5445785522461,77.5445785522461,9999.861328125,9999.875,51.5906087833132,17.9698521052402,34.3354568481445,0,0,0,600,77.1412582397461,1,4,1,1.98196411132813,54.2522010803223,,,,,,,,,,,,,,,,
,3704814568.3035,77.5396423339844,9999.85693359375,0.000397802707166403,1.70398153615385E-7,1,14.9888003110469,40.0298881530762,1.99774560730196,18.4799991548061,0.00439199266124468,0.000792042637254771,0.25,3.78993015158906E-7,0.000399290809852852,2.20798144333733E-6,77.5405120849609,77.5405120849609,9999.8525390625,9999.861328125,51.5405845580824,17.9659579198014,34.3242454528809,0,0,0,600,77.1427307128906,1,4,1,1.97509765625,54.2522010803223,,,,,,,,,,,,,,,,
,3704814583.352,77.5382537841797,9999.8544921875,0.000397625542244654,1.88678380920502E-7,1,14.9888003110469,40.0298881530762,1.99777293545298,18.4799991548061,0.00439007239236419,0.000791816035325451,0.25,3.89272074210624E-7,0.000399112889330008,2.21753692035694E-6,77.5387725830078,77.5387725830078,9999.8525390625,9999.8564453125,51.4819624191401,17.9696160464219,34.3242454528809,0,0,0,600,77.1440200805664,1,4,1,1.99569702148438,54.2522010803223,,,,,,,,,,,,,,,,
,3704814607.42,77.5412139892578,9999.861328125,,,2,,,,18.4800000810623,,,,,,,77.5412139892578,77.5412139892578,9999.861328125,9999.861328125,,,34.3466720581055,,,,600,77.1425094604492,0,0,0,0.04241943359375,51.3196487426758,,,,,,,,,,,,,,,,
,3704814958.1235,82.6583824157715,9999.88232421875,0.000388475584516766,1.9402153091707E-7,1,14.9888003110469,40.0298881530762,1.99774136260054,18.4599999338388,0.00429124608339077,0.000769416770279043,0.25,1.55873237157316E-7,0.000390063778831256,1.76446833449572E-6,82.6685104370117,82.6685104370117,9999.8798828125,9999.884765625,51.3944200249862,17.9722873753438,34.6494331359863,0,0,0,600,82.1818237304687,1,4,1,1.99554443359375,54.2522010803223,,,,,,,,,,,,,,,,
,3704814973.035,82.6399993896484,9999.87548828125,0.000388767592834866,1.80598143385324E-7,1,14.9888003110469,40.0298881530762,1.99767900081162,18.4599999338388,0.00429394155881129,0.000772199475018671,0.25,3.5707606199009E-7,0.000390355755033346,1.96829981392422E-6,82.6482543945313,82.6482543945313,9999.87109375,9999.8798828125,51.3709711694093,17.9717820501294,34.6494331359863,0,0,0,600,82.1688919067383,1,4,1,1.97845458984375,54.2522010803223,,,,,,,,,,,,,,,,
,3704814987.979,82.6241188049316,9999.87109375,0.000388846145361084,2.01089983824316E-7,1,14.9888003110469,40.0298881530762,1.99773307226345,18.4599999338388,0.00429515636128078,0.000771030177419484,0.25,2.34925562486731E-7,0.000390434794155093,1.84649134901364E-6,82.6317443847656,82.6317443847656,9999.87109375,9999.87109375,51.4764910195054,17.9721416545905,34.6494331359863,0,0,0,600,82.1664962768555,1,4,1,1.97708129882813,54.2522010803223,,,,,,,,,,,,,,,,
,3704815086.982,89.9991912841797,9999.8662109375,,,2,,,,18.4599999287724,,,,,,,89.9991912841797,89.9991912841797,9999.8662109375,9999.8662109375,,,35.0643310546875,,,,600,94.0283432006836,0,0,0,0.03692626953125,51.3196487426758,,,,,,,,,,,,,,,,
,3704815317.7525,87.7194557189941,10000.0473632813,0.000380806647683785,1.91345941220574E-7,1,14.9888003110469,40.0298881530762,1.9976522719303,18.4499993920326,0.00420859641608285,0.000747127622110802,0.25,-3.51823098124795E-7,0.000382452343972579,1.07212880037757E-6,87.7287216186523,87.7287216186523,10000.0380859375,10000.056640625,51.4897787043324,17.9738621286885,34.9409828186035,0,0,0,600,87.2382354736328,1,4,1,1.97784423828125,54.7409591674805,,,,,,,,,,,,,,,,
,3704815332.7645,87.7007179260254,10000.0590820312,0.000380317691404033,1.62000785824432E-7,1,14.9888003110469,40.0298881530762,1.99760316225431,18.4499993920326,0.00420205672277566,0.000751948859482945,0.25,1.72872662306456E-7,0.000381959053552309,1.5977796752472E-6,87.7101898193359,87.7101898193359,10000.056640625,10000.0615234375,51.4288116798324,17.9694753980362,34.9409828186035,0,0,0,600,87.2255935668945,1,4,1,1.97723388671875,54.7409591674805,,,,,,,,,,,,,,,,
,3704815347.787,87.6827201843262,10000.0634765625,0.000380170520801111,1.8903755139525E-7,1,14.9888003110469,40.0298881530762,1.99764345213662,18.4499993920326,0.00420169134312614,0.000745043927623527,0.25,-4.27504131665776E-7,0.00038181324778947,9.94759313572095E-7,87.6912460327148,87.6912460327148,10000.0615234375,10000.0654296875,51.5335499014093,17.9728496584255,34.9297676086426,0,0,0,600,87.2137756347656,1,4,1,1.97708129882813,54.7409591674805,,,,,,,,,,,,,,,,
,3704815662.5535,92.7882194519043,10000.0053710938,0.000373239001228164,1.67495528585088E-7,1,14.9888003110469,40.0298881530762,1.99765730438374,18.4499993920326,0.00412387349648049,0.000741909605251791,0.25,6.44764221197141E-7,0.000374903519952233,1.91629833585173E-6,92.7926406860352,92.7926406860352,9999.99609375,10000.0146484375,51.4718012483901,17.9727225722534,35.1988906860352,0,0,0,600,92.3375778198242,1,4,1,1.97677612304687,54.7409591674805,,,,,,,,,,,,,,,,
,3704815677.523,92.7758560180664,9999.99853515625,0.000373320995367923,1.696914205806E-7,1,14.9888003110469,40.0298881530762,1.99759960798724,18.4499993920326,0.00412467797196207,0.000741980104515616,0.25,6.38107579615692E-7,0.000374985797827945,1.91018176238585E-6,92.7837982177734,92.7837982177734,9999.99609375,10000.0009765625,51.556217128467,17.9739262027864,35.2213172912598,0,0,0,600,92.3122177124023,1,4,1,1.97830200195313,54.7409591674805,,,,,,,,,,,,,,,,
,3704815692.468,92.7595329284668,10000.0009765625,0.000373168745356753,1.99884682193556E-7,1,14.9888003110469,40.0298881530762,1.99755572656122,18.4499993920326,0.00412311917557773,0.000740477881014953,0.25,5.30342410038922E-7,0.00037483309565898,1.80180212585303E-6,92.7679138183594,92.7679138183594,10000.0009765625,10000.0009765625,51.4866521902554,17.9695805845299,35.2325325012207,0,0,0,600,92.292854309082,1,4,1,1.97952270507813,54.7409591674805,,,,,,,,,,,,,,,,
,3704815716.462,92.739387512207,10000.0234375,,,2,,,,18.4800000810623,,,,,,,92.739387512207,92.739387512207,10000.0234375,10000.0234375,,,35.2325325012207,,,,600,92.2677307128906,0,0,0,0.038909912109375,51.808406829834,,,,,,,,,,,,,,,,
,3704816052.2085,97.8300895690918,10000.0009765625,0.000367092678880921,1.98613378635517E-7,1,14.9888003110469,40.0298881530762,1.9978906727194,18.4599999338388,0.00405809010792842,0.000722393468875087,0.25,6.91380316771316E-8,0.00036876397292822,1.20855490334042E-6,97.8323059082031,97.8323059082031,9999.99609375,10000.005859375,51.4991582465631,17.9694661651836,35.4680137634277,0,0,0,600,97.4054565429688,1,4,1,1.97967529296875,53.7634429931641,,,,,,,,,,,,,,,,
,3704816067.2505,97.8216209411621,10000.0009765625,0.000366809345360243,2.03797382319179E-7,1,14.9888003110469,40.0298881530762,1.99785329713249,18.4599999338388,0.00405479098494838,0.000722354420103149,0.25,1.16986835398393E-7,0.000368479161263391,1.25591180663624E-6,97.8278732299805,97.8278732299805,9999.99609375,10000.005859375,51.4249035372362,17.9667372984229,35.4567985534668,0,0,0,600,97.3722534179688,1,4,1,1.97830200195313,54.7409591674805,,,,,,,,,,,,,,,,
,3704816082.22,97.8076972961426,10000.0078125,0.000366902277149142,1.66658859583965E-7,1,14.9888003110469,40.0298881530762,1.99781663537901,18.4599999338388,0.00405550965018396,0.000723858855581085,0.25,2.37424941434199E-7,0.000368572077194745,1.37746539957673E-6,97.8153686523437,97.8153686523437,10000.005859375,10000.009765625,51.5093194173131,17.9683936986101,35.4680137634277,0,0,0,600,97.3479232788086,1,4,1,1.97723388671875,54.2522010803223,,,,,,,,,,,,,,,,
,3704816181.387,105.181938171387,10000.0009765625,,,2,,,,18.4800000810623,,,,,,,105.181938171387,105.181938171387,10000.0009765625,10000.0009765625,,,35.7707748413086,,,,600,111.643051147461,0,0,0,0.046844482421875,51.808406829834,,,,,,,,,,,,,,,,
,3704816396.945,102.876693725586,10000.03125,0.000360374343467881,1.91342990941524E-7,1,14.9888003110469,40.0298881530762,1.99799502749444,18.4599999338388,0.00398401670097148,0.000710231115366712,0.25,2.49659529234922E-7,0.000362030623367773,1.27665073414412E-6,102.872131347656,102.872131347656,10000.029296875,10000.033203125,51.8422931665055,17.9728531362472,35.6922798156738,0,0,0,600,102.51700592041,1,4,1,1.99600219726562,54.2522010803223,,,,,,,,,,,,,,,,
,3704816411.954,102.880126953125,10000.0219726562,0.000360496715025167,1.97354206254319E-7,1,14.9888003110469,40.0298881530762,1.99794902689418,18.4599999338388,0.0039852341194062,0.000710729144427407,0.25,2.74438057608297E-7,0.000362153493669713,1.30183302528669E-6,102.881256103516,102.881256103516,10000.0146484375,10000.029296875,51.5046296461978,17.9716781611238,35.7034950256348,0,0,0,600,102.464866638184,1,4,1,1.97799682617187,54.2522010803223,,,,,,,,,,,,,,,,
,3704816426.9575,102.872913360596,10000.0170898438,0.000360432688343535,1.92466323589082E-7,1,14.9888003110469,40.0298881530762,1.99791659436076,18.4599999338388,0.00398551351265836,0.000704685220534369,0.25,-2.59979199935506E-7,0.000362090680048515,7.6489923120564E-7,102.878997802734,102.878997802734,10000.0146484375,10000.01953125,51.5312050158516,17.9724560664173,35.6810684204102,0,0,0,600,102.428565979004,1,4,1,1.97738647460938,54.7409591674805,,,,,,,,,,,,,,,,
,3704816741.6785,107.922657012939,9999.9892578125,0.000355018589108148,1.84309501639333E-7,1,14.9888003110469,40.0298881530762,1.99795542886567,18.4599999338388,0.00392450633870621,0.000701207004999627,0.25,4.63544194745693E-7,0.000356653974271944,1.39727207628518E-6,107.914192199707,107.914192199707,9999.982421875,9999.99609375,51.8008668549862,17.9794553683389,35.9277610778809,0,0,0,600,107.60701751709,1,4,1,1.978759765625,54.7409591674805,,,,,,,,,,,,,,,,
,3704816756.7155,107.932125091553,9999.99169921875,0.000355088471476375,2.0026521409704E-7,1,14.9888003110469,40.0298881530762,1.99790515819495,18.4599999338388,0.00392432355407806,0.000706186462042247,0.25,9.03163175628632E-7,0.000356723024394021,1.83896290267809E-6,107.931121826172,107.931121826172,9999.982421875,10000.0009765625,51.3443957997554,17.9766076033387,35.9165496826172,0,0,0,600,107.549873352051,1,4,1,1.99478149414062,54.7409591674805,,,,,,,,,,,,,,,,
,3704816771.7415,107.928600311279,10000.0053710938,0.000355412779744433,2.0038897792246E-7,1,14.9888003110469,40.0298881530762,1.99792754754375,18.4599999338388,0.00392903977457238,0.000700690617209756,0.25,3.47867310344082E-7,0.000357050284994397,1.28200951766242E-6,107.933128356934,107.933128356934,10000.0009765625,10000.009765625,51.5546538714285,17.977567353242,35.9389762878418,0,0,0,600,107.504959106445,1,4,1,1.9775390625,54.7409591674805,,,,,,,,,,,,,,,,
,3704816812.933,108.045852661133,9999.9873046875,,,2,,,,18.489999691546,,,,,,,108.045852661133,108.045852661133,9999.9873046875,9999.9873046875,,,35.9389762878418,,,,600,111.44083404541,0,0,0,0.0421142578125,52.2971649169922,,,,,,,,,,,,,,,,
,3704817086.466,112.985786437988,9999.98681640625,0.000349520732641353,1.92780018085972E-7,1,14.9888003110469,40.0298881530762,1.99782045778951,18.4799991548061,0.00386553609050399,0.000678409644277643,0.25,-5.50948321971143E-7,0.000351128662358687,2.95755260166777E-7,112.977378845215,112.977378845215,9999.958984375,10000.0146484375,51.6156208959285,17.9748923704475,36.1183891296387,0,0,0,600,112.677604675293,1,4,1,1.9775390625,54.7409591674805,,,,,,,,,,,,,,,,
,3704817101.507,112.995189666748,9999.97509765625,0.000350234737459068,2.29426827854768E-7,1,14.9888003110469,40.0298881530762,1.99778118428746,18.4799991548061,0.00387200116225627,0.000687455245395809,0.25,1.41992012113955E-7,0.000351844249867013,9.93497585297028E-7,112.994194030762,112.994194030762,9999.958984375,9999.9912109375,51.6296902092747,17.9731155933851,36.1296043395996,0,0,0,600,112.613792419434,1,4,1,1.9781494140625,54.7409591674805,,,,,,,,,,,,,,,,
,3704817116.4665,112.990581512451,9999.99853515625,0.00035002372876832,1.9286912824003E-7,1,14.9888003110469,40.0298881530762,1.99779597384611,18.4799991548061,0.00387006022838223,0.000684987670808195,0.25,-4.43109489023805E-8,0.000351632731561138,8.05883427640056E-7,112.996185302734,112.996185302734,9999.9912109375,10000.005859375,51.4366279650247,17.9777242727535,36.107177734375,0,0,0,600,112.566818237305,1,4,1,1.97982788085938,55.2297172546387,,,,,,,,,,,,,,,,
,3704817230.323,121.153991699219,10000.01953125,,,2,,,,18.4699995392561,,,,,,,121.153991699219,121.153991699219,10000.01953125,10000.01953125,,,36.3650856018066,,,,600,124.339912414551,0,0,0,0.044097900390625,51.3196487426758,,,,,,,,,,,,,,,,
,3704817431.1915,118.049427032471,10000.0190429688,0.000346087587726485,2.24133881508064E-7,1,14.9888003110469,40.0298881530762,1.99785216116101,18.4499993920326,0.00382623898386606,0.000678834945797283,0.25,1.55229247678545E-7,0.000347666538371274,9.38057506987765E-7,118.041603088379,118.041603088379,10000.0146484375,10000.0234375,51.4163056235247,17.9786139390091,36.3090171813965,0,0,0,600,117.755165100098,1,4,1,1.97906494140625,54.7409591674805,,,,,,,,,,,,,,,,
,3704817446.1595,118.05623626709,10000.0166015625,0.000346198011008788,2.03366440942602E-7,1,14.9888003110469,40.0298881530762,1.99781696298241,18.4499993920326,0.00382756011535467,0.000678110074385174,0.25,7.12324409651643E-8,0.000347777635933489,8.53852985315412E-7,118.057250976563,118.057250976563,10000.009765625,10000.0234375,51.5437110721593,17.9762008535029,36.2978057861328,0,0,0,600,117.685615539551,1,4,1,1.97723388671875,54.7409591674805,,,,,,,,,,,,,,,,
,3704817461.165,118.04838180542,10000.0122070312,0.000346357093927738,1.8349824208213E-7,1,14.9888003110469,40.0298881530762,1.99792522295102,18.4499993920326,0.0038293081334649,0.000679632680386587,0.25,1.77543086056503E-7,0.000347937226963358,9.61093586271364E-7,118.055221557617,118.055221557617,10000.009765625,10000.0146484375,51.4764910195054,17.9778603407054,36.2978057861328,0,0,0,600,117.635963439941,1,4,1,1.97738647460938,54.7409591674805,,,,,,,,,,,,,,,,
,3704817775.9695,123.11536026001,10000.021484375,0.000342685866778749,1.83389791337627E-7,1,14.9888003110469,40.0298881530762,1.99771316453731,18.4499993920326,0.00378933130568734,0.000665651673919896,0.25,-3.7738172760008E-7,0.000344233586930938,3.442444827344E-7,123.10684967041,123.10684967041,10000.01953125,10000.0234375,51.4123974809285,17.976320278544,36.4884338378906,0,0,0,600,122.86499786377,1,4,1,1.97845458984375,54.7409591674805,,,,,,,,,,,,,,,,
,3704817790.9745,123.122375488281,10000.0283203125,0.000342899696389974,1.86906115059504E-7,1,14.9888003110469,40.0298881530762,1.99766455044396,18.4499993920326,0.00379018863214893,0.00067407887828087,0.25,3.48550485429214E-7,0.000344446822952955,1.07383856031561E-6,123.123870849609,123.123870849609,10000.0234375,10000.033203125,51.6289085807555,17.9766648469399,36.4996452331543,0,0,0,600,122.788330078125,1,4,1,1.97708129882813,54.7409591674805,,,,,,,,,,,,,,,,
,3704817805.9035,123.114128112793,10000.0356445312,0.000342553059488523,1.80260369321074E-7,1,14.9888003110469,40.0298881530762,1.99766753742706,18.4499993920326,0.00378691067512001,0.000670299951807072,0.25,6.78473104988326E-8,0.000344099245030366,7.91214659109695E-7,123.120880126953,123.120880126953,10000.033203125,10000.0380859375,51.3866037397939,17.9756880882251,36.4884338378906,0,0,0,600,122.729385375977,1,4,1,1.97647094726562,55.2297172546387,,,,,,,,,,,,,,,,
,3704817847.223,123.190528869629,10000.046875,,,2,,,,18.4800000810623,,,,,,,123.190528869629,123.190528869629,10000.046875,10000.046875,,,36.4996452331543,,,,600,126.768295288086,0,0,0,0.037994384765625,52.2971649169922,,,,,,,,,,,,,,,,
,3704818120.7115,128.17822265625,9999.900390625,0.000338030628151785,1.98497657745172E-7,1,14.9888003110469,40.0298881530762,1.99773193548804,18.4599999338388,0.00373556647026941,0.000668399910043597,0.25,7.41631391903929E-7,0.000339534079935999,1.41401029613425E-6,128.169723510742,128.169723510742,9999.8935546875,9999.9072265625,51.6914388622939,17.9796520062179,36.6566352844238,0,0,0,600,127.96900177002,1,4,1,1.99722290039062,55.2297172546387,,,,,,,,,,,,,,,,
,3704818135.7015,128.185104370117,9999.90283203125,0.000338430662589356,2.20593449132787E-7,1,14.9888003110469,40.0298881530762,1.9976725865896,18.4599999338388,0.00374010397470903,0.000667912001030218,0.25,6.28592087100868E-7,0.000339936088006552,1.30120265629158E-6,128.186721801758,128.186721801758,9999.8984375,9999.9072265625,51.3467406853131,17.9785383176471,36.6566352844238,0,0,0,600,127.884086608887,1,4,1,1.99432373046875,55.2297172546387,,,,,,,,,,,,,,,,
,3704818150.684,128.17529296875,9999.90087890625,0.00033859719871301,2.37605952883694E-7,1,14.9888003110469,40.0298881530762,1.99773363373671,18.4599999338388,0.00374311424444808,0.000662255896957526,0.25,8.57082716280744E-8,0.000340104484447273,7.5631263730815E-7,128.183486938477,128.183486938477,9999.8984375,9999.9033203125,51.7414630875247,17.9797134814655,36.6678466796875,0,0,0,600,127.82275390625,1,4,1,1.97906494140625,54.7409591674805,,,,,,,,,,,,,,,,
,3704818264.877,136.074462890625,9999.9033203125,,,2,,,,18.4699995392561,,,,,,,136.074462890625,136.074462890625,9999.9033203125,9999.9033203125,,,36.8472633361816,,,,600,140.532440185547,0,0,0,0.0445556640625,51.808406829834,,,,,,,,,,,,,,,,
,3704818510.4515,133.220062255859,9999.900390625,0.000335998049043456,1.89939969567652E-7,1,14.9888003110469,40.0298881530762,1.9977166437591,18.4499993920326,0.00371509481719614,0.000651384790139955,0.25,-3.94920385270415E-7,0.000337470302886402,2.29427996944531E-7,133.232162475586,133.232162475586,9999.8935546875,9999.9072265625,51.3717527979285,17.982741880002,36.8136215209961,0,0,0,600,132.840942382812,1,4,1,1.99569702148438,54.7409591674805,,,,,,,,,,,,,,,,
,3704818525.46,133.195922851562,9999.9072265625,0.000335732697808934,1.99655032632456E-7,1,14.9888003110469,40.0298881530762,1.99778391406532,18.4499993920326,0.00371183727876377,0.000653404389686998,0.25,-1.67467124772464E-7,0.000337203489846856,4.57558685774566E-7,133.207962036133,133.207962036133,9999.9072265625,9999.9072265625,51.5788843555247,17.9837799028415,36.8248329162598,0,0,0,600,132.807006835938,1,4,1,1.99600219726562,54.7409591674805,,,,,,,,,,,,,,,,
,3704818540.437,133.172744750977,9999.90283203125,0.000335938107168249,1.69619313124108E-7,1,14.9888003110469,40.0298881530762,1.99773277975597,18.4499993920326,0.00371419613324338,0.000652786924066148,0.25,-2.5833932244769E-7,0.000337410087498951,3.66840223332185E-7,133.183883666992,133.183883666992,9999.8984375,9999.9072265625,51.4178688805631,17.9834921060424,36.8248329162598,0,0,0,600,132.782684326172,1,4,1,1.97860717773438,54.7409591674805,,,,,,,,,,,,,,,,
,3704818894.226,138.321502685547,9999.9033203125,,,2,,,,18.4800000810623,,,,,,,138.321502685547,138.321502685547,9999.9033203125,9999.9033203125,,,36.9706077575684,,,,600,137.867797851562,0,0,0,0.0439453125,51.808406829834,,,,,,,,,,,,,,,,
,3704818935.225,138.242607116699,9999.8984375,0.000332761297630904,2.12365128181588E-7,1,14.9888003110469,40.0298881530762,1.99794481160295,18.4599999338388,0.00367906645652198,0.000647059177384937,0.25,-1.82328127562258E-7,0.00033419197761666,4.02679651135175E-7,138.246398925781,138.246398925781,9999.8984375,9999.8984375,51.5249519876978,17.9815183752216,36.9706077575684,0,0,0,600,137.764373779297,1,4,1,1.99356079101562,53.7634429931641,,,,,,,,,,,,,,,,
,3704818945.134,138.22705078125,9999.90283203125,0.000332420001384621,2.33701653176907E-7,1,14.9888003110469,40.0298881530762,1.99802471794651,18.4599999338388,0.00367642968022467,0.000640774723982498,0.25,-6.92891894538799E-7,0.000333850200903089,-1.10579583945282E-7,138.238815307617,138.238815307617,9999.8984375,9999.9072265625,51.7258305171401,17.9850677559656,36.9706077575684,0,0,0,600,137.745376586914,1,4,1,1.9781494140625,53.7634429931641,,,,,,,,,,,,,,,,
,3704818960.0745,138.20539855957,9999.9052734375,0.000332481786083309,1.98693195640967E-7,1,14.9888003110469,40.0298881530762,1.99802694359811,18.4599999338388,0.00367585391194187,0.000648060388672793,0.25,-4.50088101670974E-8,0.000333911232365426,5.40336834162936E-7,138.215286254883,138.215286254883,9999.9033203125,9999.9072265625,51.424121908717,17.9869249559664,36.9706077575684,0,0,0,600,137.732833862305,1,4,1,1.97723388671875,54.2522010803223,,,,,,,,,,,,,,,,
,3704819319.7935,143.37442779541,9999.89404296875,0.000329654414618658,1.89855839538768E-7,1,14.9888003110469,40.0298881530762,1.99801646627415,18.4599999338388,0.00364279774670796,0.000650694242190892,0.25,7.28790672361913E-7,0.00033104031270675,1.28118044274238E-6,143.388961791992,143.388961791992,9999.884765625,9999.9033203125,51.4264667942747,17.9932494659295,37.1275978088379,0,0,0,600,142.779541015625,1,4,1,1.9976806640625,54.7409591674805,,,,,,,,,,,,,,,,
,3704819334.815,143.344520568848,9999.89404296875,0.00033040940269941,1.97655417118249E-7,1,14.9888003110469,40.0298881530762,1.99790301597787,18.4599999338388,0.00365153515835108,0.000648807337052162,0.25,4.27926531567874E-7,0.000331799160187177,9.80479978938104E-7,143.359893798828,143.359893798828,9999.884765625,9999.9033203125,51.3389244001208,17.9907907970885,37.116382598877,0,0,0,600,142.741760253906,1,4,1,1.99569702148438,55.2297172546387,,,,,,,,,,,,,,,,
,3704819349.8205,143.315063476562,9999.90087890625,0.00032993755420844,1.99013844448181E-7,1,14.9888003110469,40.0298881530762,1.9980738966361,18.4599999338388,0.00364704256093699,0.000645529754979431,0.25,2.09688342286112E-7,0.000331325868063634,7.60705585205983E-7,143.329147338867,143.329147338867,9999.8984375,9999.9033203125,51.7273937741786,17.9958630977161,37.1275978088379,0,0,0,600,142.715286254883,1,4,1,1.9775390625,54.7409591674805,,,,,,,,,,,,,,,,
,3704819463.8,150.976501464844,9999.8935546875,,,2,,,,18.4699995392561,,,,,,,150.976501464844,150.976501464844,9999.8935546875,9999.8935546875,,,37.2957992553711,,,,600,156.560272216797,0,0,0,0.041351318359375,52.2971649169922,,,,,,,,,,,,,,,,
,3704819709.5865,148.44953918457,9999.9521484375,0.00032878885620989,2.03798293972647E-7,1,14.9888003110469,40.0298881530762,1.99774615448835,18.4499993920326,0.00363208001123546,0.000650755964097462,0.25,9.27497249567908E-7,0.000330139163554868,1.45175054739484E-6,148.4658203125,148.4658203125,9999.94921875,9999.955078125,51.5077561602747,17.9869657787288,37.2397308349609,0,0,0,600,147.771759033203,1,4,1,1.97738647460938,54.7409591674805,,,,,,,,,,,,,,,,
,3704819724.4765,148.416984558105,9999.95654296875,0.000328536008460729,2.21202523343942E-7,1,14.9888003110469,40.0298881530762,1.99778320973493,18.4499993920326,0.00362976461277768,0.000647932524737924,0.25,7.15367463753419E-7,0.000329885821210748,1.23851573722113E-6,148.433258056641,148.433258056641,9999.94921875,9999.9638671875,51.4077077098131,17.9848360561568,37.2621574401855,0,0,0,600,147.730392456055,1,4,1,1.9781494140625,55.2297172546387,,,,,,,,,,,,,,,,
,3704819739.4985,148.385215759277,9999.97314453125,0.00032920849583594,2.00570579975858E-7,1,14.9888003110469,40.0298881530762,1.99791585627973,18.4499993920326,0.00363889810473739,0.000640948484719757,0.25,-3.89137715789468E-8,0.000330562473045196,4.82360990989503E-7,148.40071105957,148.40071105957,9999.9638671875,9999.982421875,51.7094163182362,17.9871649159092,37.2509460449219,0,0,0,600,147.702087402344,1,4,1,1.97784423828125,54.7409591674805,,,,,,,,,,,,,,,,
,3704820093.204,153.513595581055,9999.8984375,,,2,,,,18.4699995392561,,,,,,,153.513595581055,153.513595581055,9999.8984375,9999.8984375,,,37.3967170715332,,,,600,152.936401367187,0,0,0,0.045013427734375,52.2971649169922,,,,,,,,,,,,,,,,
,3704820134.216,153.422203063965,9999.91015625,0.000325752699904608,2.20497946809795E-7,1,14.9888003110469,40.0298881530762,1.99764954916209,18.4499993920326,0.0036012353809282,0.00062638165971316,0.25,-7.1053246242401E-7,0.000327060446180743,-2.21797512230712E-7,153.427322387695,153.427322387695,9999.9072265625,9999.9130859375,51.5022847606401,17.9832586675222,37.3967170715332,0,0,0,600,152.814666748047,1,4,1,1.97769165039062,53.7634429931641,,,,,,,,,,,,,,,,
,3704820144.2315,153.403259277344,9999.91015625,0.000325702612489692,2.01674033088677E-7,1,14.9888003110469,40.0298881530762,1.99768751297337,18.4499993920326,0.00360062667066702,0.0006269858247931,0.25,-6.48169386248523E-7,0.000327010191357648,-1.59172939689414E-7,153.417083740234,153.417083740234,9999.9072265625,9999.9130859375,51.3467406853131,17.98339051195,37.3967170715332,0,0,0,600,152.795928955078,1,4,1,1.9781494140625,54.2522010803223,,,,,,,,,,,,,,,,
,3704820159.23,153.378387451172,9999.900390625,0.000326108352303729,2.30728359018506E-7,1,14.9888003110469,40.0298881530762,1.99773221063795,18.4499993920326,0.00360466926578754,0.000630739327233922,0.25,-3.81359599855028E-7,0.000327417323773536,1.09434051405263E-7,153.389434814453,153.389434814453,9999.8935546875,9999.9072265625,51.454605420967,17.9878487006668,37.3855056762695,0,0,0,600,152.785522460938,1,4,1,1.97891235351562,54.2522010803223,,,,,,,,,,,,,,,,
,3704820533.973,158.522193908691,9999.91015625,0.000323519293937807,1.98935375871598E-7,1,14.9888003110469,40.0298881530762,1.99774104785826,18.4499993920326,0.00357659711748901,0.000620446575558129,0.25,-8.28445424811475E-7,0.00032478330575086,-3.65664607265901E-7,158.540405273438,158.540405273438,9999.9033203125,9999.9169921875,51.4585135635631,17.9868911118383,37.4976387023926,0,0,0,600,158.018661499023,1,4,1,1.97799682617187,55.2297172546387,,,,,,,,,,,,,,,,
,3704820548.8775,158.488258361816,9999.9052734375,0.000323497130068928,2.20966242473763E-7,1,14.9888003110469,40.0298881530762,1.99778102795264,18.4499993920326,0.00357428065626815,0.000632579058084873,0.25,2.72120841130442E-7,0.000324759707305569,7.39306569939264E-7,158.503982543945,158.503982543945,9999.9033203125,9999.9072265625,51.4053628242554,17.9845436458062,37.5088539123535,0,0,0,600,157.98747253418,1,4,1,1.9775390625,54.7409591674805,,,,,,,,,,,,,,,,
,3704820563.911,158.457992553711,9999.91015625,0.000323740884346263,1.99107941955628E-7,1,14.9888003110469,40.0298881530762,1.99768031253872,18.4499993920326,0.00357929836492958,0.000618867836222145,0.25,-1.00906430914306E-6,0.000325006471468937,-5.46404246008984E-7,158.472534179687,158.472534179687,9999.9072265625,9999.9130859375,51.515572445467,17.9861427902004,37.5088539123535,0,0,0,600,157.969696044922,1,4,1,1.97723388671875,55.2297172546387,,,,,,,,,,,,,,,,
,3704820678.028,165.955718994141,9999.9033203125,,,2,,,,18.4599999287724,,,,,,,165.955718994141,165.955718994141,9999.9033203125,9999.9033203125,,,37.6546287536621,,,,600,172.395080566406,0,0,0,0.032958984375,51.808406829834,,,,,,,,,,,,,,,,
,3704820938.6,163.567367553711,9999.912109375,0.000321467879261225,2.28252797592208E-7,1,14.9888003110469,40.0298881530762,1.99761324842678,18.4499993920326,0.00355601949456211,0.000601000956635381,0.25,-2.19782250372763E-6,0.000322689938580549,-1.76293836121741E-6,163.58659362793,163.58659362793,9999.9072265625,9999.9169921875,51.3451774282747,17.982631431165,37.6434135437012,0,0,0,600,163.208953857422,1,4,1,1.97830200195313,55.2297172546387,,,,,,,,,,,,,,,,
,3704820953.6135,163.531921386719,9999.912109375,0.000322329946999986,2.65264152332488E-7,1,14.9888003110469,40.0298881530762,1.99769911014749,18.4499993920326,0.00356187011578935,0.000624414458455451,0.25,-2.32920978190188E-7,0.000323552823219658,2.10736067492949E-7,163.548141479492,163.548141479492,9999.9072265625,9999.9169921875,51.5820108696016,17.9819345605313,37.6321983337402,0,0,0,600,163.179992675781,1,4,1,1.97921752929687,54.7409591674805,,,,,,,,,,,,,,,,
,3704820968.638,163.500732421875,9999.912109375,0.00032152195388318,2.34778949330242E-7,1,14.9888003110469,40.0298881530762,1.99764223580442,18.4499993920326,0.00355278478822968,0.000623191330208442,0.25,-2.00005153641838E-7,0.000322741945555363,2.42779480801409E-7,163.515701293945,163.515701293945,9999.9072265625,9999.9169921875,51.4249035372362,17.9820254632044,37.6209869384766,0,0,0,600,163.16178894043,1,4,1,1.97860717773438,55.2297172546387,,,,,,,,,,,,,,,,
,3704821307.326,168.712203979492,9999.9033203125,,,2,,,,18.4699995392561,,,,,,,168.712203979492,168.712203979492,9999.9033203125,9999.9033203125,,,37.7555465698242,,,,600,168.519561767578,0,0,0,0.04638671875,51.808406829834,,,,,,,,,,,,,,,,
,3704821348.3135,168.611839294434,9999.908203125,0.00031753471560445,2.50873406641992E-7,1,14.9888003110469,40.0298881530762,1.99780427544503,18.4499993920326,0.00350854016578334,0.000615707279027418,0.25,-1.55191570428825E-7,0.000318702388802475,2.64139106895104E-7,168.617950439453,168.617950439453,9999.9033203125,9999.9130859375,51.5992066970247,17.9806177588856,37.7443351745605,0,0,0,600,168.320159912109,1,4,1,1.9775390625,54.2522010803223,,,,,,,,,,,,,,,,
,3704821358.301,168.588562011719,9999.908203125,0.000317954968090767,2.62936665522605E-7,1,14.9888003110469,40.0298881530762,1.99778648472489,18.4499993920326,0.00351426705381712,0.000610203359964707,0.25,-7.26960080300188E-7,0.000319125114825953,-3.09097163511322E-7,168.605728149414,168.605728149414,9999.9033203125,9999.9130859375,51.607022982217,17.9829993323833,37.7443351745605,0,0,0,600,168.289337158203,1,4,1,1.9775390625,54.2522010803223,,,,,,,,,,,,,,,,
,3704821373.4195,168.556327819824,9999.908203125,0.000319765889352243,2.25454817517608E-7,1,14.9888003110469,40.0298881530762,1.99775274299851,18.4499993920326,0.00353225635628734,0.000624875894881975,0.25,2.83125903984222E-7,0.000320941598835622,7.07208713377425E-7,168.571395874023,168.571395874023,9999.9033203125,9999.9130859375,51.4764910195054,17.9811585304917,37.7443351745605,0,0,0,600,168.273529052734,1,4,1,1.97723388671875,54.2522010803223,,,,,,,,,,,,,,,,
,3704821748.0115,173.667144775391,9999.8984375,0.000315901260571736,2.42990833697023E-7,1,14.9888003110469,40.0298881530762,1.99764402659666,18.4499993920326,0.00349071612708491,0.000607271388618762,0.25,-6.04279602576998E-7,0.000317025773088595,-2.05038348028124E-7,173.686477661133,173.686477661133,9999.8984375,9999.8984375,51.4889970758131,17.9767893485067,37.8564682006836,0,0,0,600,173.389404296875,1,4,1,1.97738647460938,49.364616394043,,,,,,,,,,,,,,,,
,3704821763.046,173.62979888916,9999.90087890625,0.0003170369914903,2.44030093380206E-7,1,14.9888003110469,40.0298881530762,1.99751982843558,18.4499993920326,0.00350305994624916,0.000609432389072553,0.25,-6.05374926671244E-7,0.000318165829440822,-2.04578841893298E-7,173.647811889648,173.647811889648,9999.8984375,9999.9033203125,51.5101010458324,17.9784844902609,37.8676834106445,0,0,0,600,173.362380981445,1,4,1,1.97662353515625,55.2297172546387,,,,,,,,,,,,,,,,
,3704821778.0585,173.597549438477,9999.908203125,0.000315871975724899,2.73013540578974E-7,1,14.9888003110469,40.0298881530762,1.99744882391325,18.4499993920326,0.00349205449453329,0.000595905542223643,0.25,-1.62335232710046E-6,0.000316998206770409,-1.22756032640556E-6,173.611785888672,173.611785888672,9999.9033203125,9999.9130859375,51.5366764154862,17.973957903975,37.8676834106445,0,0,0,600,173.34782409668,1,4,1,1.98013305664062,54.7409591674805,,,,,,,,,,,,,,,,
,3704821891.971,180.92057800293,9999.8984375,,,2,,,,18.4599999287724,,,,,,,180.92057800293,180.92057800293,9999.8984375,9999.8984375,,,37.9798164367676,,,,600,187.69548034668,0,0,0,0.040130615234375,51.808406829834,,,,,,,,,,,,,,,,
,3704822152.7475,178.728996276855,9999.91015625,0.000315018048813636,2.47347762972463E-7,1,14.9888003110469,40.0298881530762,1.99753012719626,18.4499993920326,0.00348004220963004,0.000607165866926744,0.25,-4.33808304062243E-7,0.000316100445523491,-5.00429409102993E-8,178.749282836914,178.749282836914,9999.9072265625,9999.9130859375,51.6156208959285,17.9737333710248,37.9686012268066,0,0,0,600,178.43359375,1,4,1,1.978759765625,54.7409591674805,,,,,,,,,,,,,,,,
,3704822167.7355,178.689918518066,9999.9189453125,0.000315468007858082,2.41046756547832E-7,1,14.9888003110469,40.0298881530762,1.99744128149902,18.4499993920326,0.00348574627494759,0.000603020960451858,0.25,-8.86101746149764E-7,0.000316552806675362,-5.03228825536114E-7,178.708709716797,178.708709716797,9999.9072265625,9999.9306640625,51.5085377887939,17.9707531559789,37.9798164367676,0,0,0,600,178.405517578125,1,4,1,1.97723388671875,54.7409591674805,,,,,,,,,,,,,,,,
,3704822182.717,178.654945373535,9999.9169921875,0.000314857252659896,2.57056250813334E-7,1,14.9888003110469,40.0298881530762,1.99754847086279,18.4499993920326,0.00347534337429705,0.000623686167231348,0.25,1.08947159858829E-6,0.000315937807202608,1.47848451831781E-6,178.671127319336,178.671127319336,9999.9033203125,9999.9306640625,51.7219223745439,17.9714436108882,37.9798164367676,0,0,0,600,178.391311645508,1,4,1,1.97784423828125,54.7409591674805,,,,,,,,,,,,,,,,
,3704822521.495,183.875640869141,9999.921875,,,2,,,,18.4699995392561,,,,,,,183.875640869141,183.875640869141,9999.921875,9999.921875,,,38.080738067627,,,,600,183.685470581055,0,0,0,0.0445556640625,51.808406829834,,,,,,,,,,,,,,,,
,3704822562.478,183.762435913086,9999.919921875,0.000313205143875094,2.39209619761572E-7,1,14.9888003110469,40.0298881530762,1.99758216307426,18.4499993920326,0.00346015364313129,0.000600847771291847,0.25,-6.6793017345793E-7,0.000314242303797901,-3.00801842519843E-7,183.76887512207,183.76887512207,9999.9130859375,9999.9267578125,51.5335499014093,17.9701452300123,38.069522857666,0,0,0,600,183.47380065918,1,4,1,1.9793701171875,54.2522010803223,,,,,,,,,,,,,,,,
,3704822572.4895,183.73706817627,9999.921875,0.000312409867163924,2.40894210371554E-7,1,14.9888003110469,40.0298881530762,1.99756472648631,18.4499993920326,0.00345210258841048,0.000594988605161563,0.25,-1.05829508711956E-6,0.00031344505581058,-6.93330688376287E-7,183.755996704102,183.755996704102,9999.9169921875,9999.9267578125,51.3795690831208,17.9716841874766,38.069522857666,0,0,0,600,183.447738647461,1,4,1,1.97982788085938,54.2522010803223,,,,,,,,,,,,,,,,
,3704822587.502,183.702812194824,9999.921875,0.000312361352752847,2.43449367070682E-7,1,14.9888003110469,40.0298881530762,1.99750399621876,18.4499993920326,0.00345199686105011,0.000591882413273905,0.25,-1.32962455067734E-6,0.000313396970804125,-9.65527024941791E-7,183.718139648438,183.718139648438,9999.9169921875,9999.9267578125,51.6906572337747,17.9718106757282,38.069522857666,0,0,0,600,183.438461303711,1,4,1,1.97921752929687,54.2522010803223,,,,,,,,,,,,,,,,
,3704822962.155,188.818740844727,9999.87060546875,0.000311102518530709,2.35529396070526E-7,1,14.9888003110469,40.0298881530762,1.99761879922247,18.4499993920326,0.00343689511724389,0.000594744678865959,0.25,-8.3228162189132E-7,0.000312092812368765,-4.80728409407969E-7,188.839263916016,188.839263916016,9999.8662109375,9999.875,51.6601737215247,17.9675111287449,38.1704444885254,0,0,0,600,188.52734375,1,4,1,1.97540283203125,54.7409591674805,,,,,,,,,,,,,,,,
,3704822977.16,188.780120849609,9999.87060546875,0.000311077267339464,2.48317798580816E-7,1,14.9888003110469,40.0298881530762,1.99761975782973,18.4499993920326,0.00343689477615914,0.000593140729033291,0.25,-9.73268014893834E-7,0.000312067950886524,-6.22099736392325E-7,188.798217773438,188.798217773438,9999.8662109375,9999.875,51.5413661866016,17.9613324299738,38.1704444885254,0,0,0,600,188.503967285156,1,4,1,1.97555541992187,55.2297172546387,,,,,,,,,,,,,,,,
,3704822992.155,188.747039794922,9999.861328125,0.000310908509453946,2.25167942285075E-7,1,14.9888003110469,40.0298881530762,1.99756773060938,18.4499993920326,0.00343355005247535,0.000600757857971262,0.25,-2.5256519816938E-7,0.000311898100141923,1.00783101872454E-7,188.762023925781,188.762023925781,9999.8564453125,9999.8662109375,51.5171357025055,17.960820533769,38.1480178833008,0,0,0,600,188.494354248047,1,4,1,1.97616577148438,54.7409591674805,,,,,,,,,,,,,,,,
,3704823106.035,195.952926635742,9999.8564453125,,,2,,,,18.4500003182888,,,,,,,195.952926635742,195.952926635742,9999.8564453125,9999.8564453125,,,38.2601509094238,,,,600,202.821823120117,0,0,0,0.04730224609375,52.2971649169922,,,,,,,,,,,,,,,,
,3704823381.9925,193.83667755127,9999.9169921875,0.000309395866355609,2.56037247900002E-7,1,14.9888003110469,40.0298881530762,1.99758804458129,18.4400007128716,0.00341705686706476,0.000594180020576487,0.25,-5.64064728691179E-7,0.000310340056335008,-2.25137072550925E-7,193.855163574219,193.855163574219,9999.9169921875,9999.9169921875,51.4897787043324,17.9634604555126,38.2601509094238,0,0,0,600,193.569564819336,1,4,1,1.97769165039062,55.2297172546387,,,,,,,,,,,,,,,,
,3704823396.845,193.803634643555,9999.9169921875,0.000308073921616106,2.4362224940884E-7,1,14.9888003110469,40.0298881530762,1.99763409290097,18.4400007128716,0.00340030643915563,0.000604330261795238,0.25,5.86312339169817E-7,0.000309013080358775,9.27366811816636E-7,193.81819152832,193.81819152832,9999.9169921875,9999.9169921875,51.6937837478516,17.9641195416047,38.2601509094238,0,0,0,600,193.559494018555,1,4,1,1.97784423828125,53.2746849060059,,,,,,,,,,,,,,,,
,3704823411.864,193.77734375,9999.9169921875,0.000310160485845941,2.64820583334231E-7,1,14.9888003110469,40.0298881530762,1.99763038490292,18.4400007128716,0.00342584016413859,0.000594157366390462,0.25,-7.018088752916E-7,0.000311107642379541,-3.62327708854941E-7,193.789077758789,193.789077758789,9999.9169921875,9999.9169921875,51.5945169259093,17.9666736970383,38.2825775146484,0,0,0,600,193.559768676758,1,4,1,1.978759765625,55.2297172546387,,,,,,,,,,,,,,,,
,3704823735.743,199.034088134766,9999.9306640625,,,2,,,,18.4500003182888,,,,,,,199.034088134766,199.034088134766,9999.9306640625,9999.9306640625,,,38.3610725402832,,,,600,199.039123535156,0,0,0,0.04119873046875,52.2971649169922,,,,,,,,,,,,,,,,
,3704823801.6145,198.883819580078,9999.94287109375,0.000307604046683966,2.56081626208762E-7,1,14.9888003110469,40.0298881530762,1.99762410029395,18.4400007128716,0.00339732331429275,0.000588107572262531,0.25,-7.8219560818572E-7,0.000308501896347694,-4.56622412094144E-7,198.901458740234,198.901458740234,9999.9404296875,9999.9453125,51.3350162575247,17.9628142574559,38.3610725402832,0,0,0,600,198.639862060547,1,4,1,1.97891235351562,54.2522010803223,,,,,,,,,,,,,,,,
,3704823816.597,198.851760864258,9999.935546875,0.000306952831799954,2.67765111603871E-7,1,14.9888003110469,40.0298881530762,1.99763711437516,18.4400007128716,0.00338966764314339,0.000589639191189581,0.25,-5.2946048488767E-7,0.000307848775814538,-2.03778536498908E-7,198.866180419922,198.866180419922,9999.9306640625,9999.9404296875,51.5749762129285,17.9642316237098,38.3610725402832,0,0,0,600,198.629821777344,1,4,1,1.97891235351562,54.7409591674805,,,,,,,,,,,,,,,,
,3704823831.5455,198.826583862305,9999.9287109375,0.000307830378207563,2.60493763026284E-7,1,14.9888003110469,40.0298881530762,1.99764275971149,18.4400007128716,0.00340269078567729,0.000572428373696473,0.25,-2.2429026306254E-6,0.000308730915845513,-1.92123256199272E-6,198.837341308594,198.837341308594,9999.9267578125,9999.9306640625,51.7727282282939,17.971225990306,38.3498573303223,0,0,0,600,198.628295898438,1,4,1,1.9970703125,54.7409591674805,,,,,,,,,,,,,,,,
,3704824221.278,203.929397583008,9999.94287109375,0.000305560816130438,2.39685165976254E-7,1,14.9888003110469,40.0298881530762,1.99773951202693,18.4400007128716,0.00337418001839465,0.000585889121812306,0.25,-6.09844814587664E-7,0.000306411023780204,-2.9590831320565E-7,203.946899414062,203.946899414062,9999.9404296875,9999.9453125,51.5515273573516,17.9679015780506,38.4619941711426,0,0,0,600,203.722183227539,1,4,1,1.97784423828125,55.2297172546387,,,,,,,,,,,,,,,,
,3704824236.2635,203.897743225098,9999.9404296875,0.000306382570261102,2.45663683823072E-7,1,14.9888003110469,40.0298881530762,1.99775027947905,18.4400007128716,0.0033827902383187,0.00059022464063466,0.25,-3.61847696456957E-7,0.000307235069540502,-4.63119887712781E-8,203.911895751953,203.911895751953,9999.935546875,9999.9453125,51.3279816008516,17.9652405591539,38.4619941711426,0,0,0,600,203.712661743164,1,4,1,1.97738647460938,55.2297172546387,,,,,,,,,,,,,,,,
,3704824251.216,203.873001098633,9999.92626953125,0.00030655192989506,2.37332227543951E-7,1,14.9888003110469,40.0298881530762,1.99765784301722,18.4400007128716,0.00338177029152911,0.000606139801921176,0.25,1.05247579805796E-6,0.000307403644432975,1.3721686100886E-6,203.883590698242,203.883590698242,9999.9169921875,9999.935546875,51.8258789676016,17.96861448973,38.4732055664063,0,0,0,600,203.714309692383,1,4,1,1.9818115234375,55.2297172546387,,,,,,,,,,,,,,,,
,3704824365.102,210.998901367187,9999.9453125,,,2,,,,18.4300001659989,,,,,,,210.998901367187,210.998901367187,9999.9453125,9999.9453125,,,38.5292739868164,,,,600,217.995468139648,0,0,0,0.03936767578125,51.808406829834,,,,,,,,,,,,,,,,
,3704824640.967,208.972099304199,9999.94287109375,0.000303991251557935,2.9857731489604E-7,1,14.9888003110469,40.0298881530762,1.99767066022994,18.4199996292591,0.00335622030801041,0.000583102175128286,0.25,-5.6826563732581E-7,0.000304795172403622,-2.65119069347954E-7,208.987838745117,208.987838745117,9999.9404296875,9999.9453125,51.4671114772747,17.9676865317275,38.5404853820801,0,0,0,600,208.810836791992,1,4,1,1.97906494140625,55.2297172546387,,,,,,,,,,,,,,,,
,3704824655.9615,208.942710876465,9999.93798828125,0.000304099422940242,2.73170306308908E-7,1,14.9888003110469,40.0298881530762,1.99767967161684,18.4199996292591,0.00335770412305569,0.000581761626044666,0.25,-7.09049049059613E-7,0.000304904016611126,-4.06113794163971E-7,208.956359863281,208.956359863281,9999.9306640625,9999.9453125,51.5960801829478,17.9715421709468,38.551700592041,0,0,0,600,208.806457519531,1,4,1,1.978759765625,54.7409591674805,,,,,,,,,,,,,,,,
,3704824670.919,208.919151306152,9999.93798828125,0.000304726203118611,2.83752696490399E-7,1,14.9888003110469,40.0298881530762,1.99768986428912,18.4199996292591,0.0033663289449176,0.000573367364187169,0.25,-1.58003957992159E-6,0.000305533524321924,-1.27873704801393E-6,208.929061889648,208.929061889648,9999.9306640625,9999.9453125,51.6195290385247,17.9740389370775,38.5404853820801,0,0,0,600,208.81640625,1,4,1,1.9781494140625,54.7409591674805,,,,,,,,,,,,,,,,
,3704824994.513,214.144195556641,9999.9306640625,,,2,,,,18.4399997764826,,,,,,,214.144195556641,214.144195556641,9999.9306640625,9999.9306640625,,,38.6301918029785,,,,600,214.266357421875,0,0,0,0.04791259765625,52.2971649169922,,,,,,,,,,,,,,,,
,3704825060.6675,214.015533447266,9999.935546875,0.000302258423742617,2.58969291994658E-7,1,14.9888003110469,40.0298881530762,1.99765946537308,18.4199996292591,0.00333713723395678,0.000576671748370816,0.25,-8.30251904103236E-7,0.000303015808615088,-5.38170915307663E-7,214.030685424805,214.030685424805,9999.935546875,9999.935546875,51.4272484227939,17.9671508573627,38.6301918029785,0,0,0,600,213.906921386719,1,4,1,1.97784423828125,54.7409591674805,,,,,,,,,,,,,,,,
,3704825075.6915,213.988693237305,9999.9423828125,0.000302251861810149,2.2928431414042E-7,1,14.9888003110469,40.0298881530762,1.99764918731807,18.4199996292591,0.0033370476726262,0.000576675622237144,0.25,-8.28576898076208E-7,0.000303009454713806,-5.36453520326444E-7,214.000381469727,214.000381469727,9999.935546875,9999.94921875,51.383477225717,17.9664413098824,38.6414070129395,0,0,0,600,213.910491943359,1,4,1,1.978759765625,54.2522010803223,,,,,,,,,,,,,,,,
,3704825090.642,213.968742370605,9999.9423828125,0.000302321350708575,2.16548411186673E-7,1,14.9888003110469,40.0298881530762,1.99772719244595,18.4199996292591,0.00333646766015161,0.000585215717140589,0.25,-6.89224140177951E-8,0.000303078546187005,2.2520422277381E-7,213.977005004883,213.977005004883,9999.935546875,9999.94921875,51.7367733164093,17.9672775413032,38.6301918029785,0,0,0,600,213.921005249023,1,4,1,1.97723388671875,54.7409591674805,,,,,,,,,,,,,,,,
,3704825480.3185,219.050224304199,9999.9521484375,0.000300391729329011,2.70710308243845E-7,1,14.9888003110469,40.0298881530762,1.99769532765617,18.4199996292591,0.00331639710624517,0.000571445343745281,0.25,-9.61466073719888E-7,0.000301102167536517,-6.79579637037304E-7,219.062286376953,219.062286376953,9999.94921875,9999.955078125,51.5781027270055,17.9698347576781,38.7199020385742,0,0,0,600,219.025421142578,1,4,1,1.978759765625,55.7184753417969,,,,,,,,,,,,,,,,
,3704825495.309,219.02970123291,9999.94921875,0.000300687616597681,2.45383622530907E-7,1,14.9888003110469,40.0298881530762,1.99767515027531,18.4199996292591,0.00331901027194539,0.000575554044081484,0.25,-6.40621900673301E-7,0.000301398624148857,-3.57665647236581E-7,219.038162231445,219.038162231445,9999.94921875,9999.94921875,51.5851373836785,17.9727380545799,38.7423286437988,0,0,0,600,219.031066894531,1,4,1,1.97769165039062,55.2297172546387,,,,,,,,,,,,,,,,
,3704825510.3205,219.015914916992,9999.94921875,0.000300562042423607,2.3899422247043E-7,1,14.9888003110469,40.0298881530762,1.99772036398823,18.4199996292591,0.00331816990801025,0.00057263196566084,0.25,-8.84553823463356E-7,0.000301273100890867,-6.02271230552888E-7,219.021240234375,219.021240234375,9999.94921875,9999.94921875,51.5741945844093,17.9707520516048,38.7311134338379,0,0,0,600,219.044326782227,1,4,1,1.97708129882813,55.2297172546387,,,,,,,,,,,,,,,,
,3704825624.052,226.048309326172,9999.9638671875,,,2,,,,18.4399997764826,,,,,,,226.048309326172,226.048309326172,9999.9638671875,9999.9638671875,,,38.7983932495117,,,,600,233.063873291016,0,0,0,0.04058837890625,52.2971649169922,,,,,,,,,,,,,,,,
,3704825900.0375,224.097450256348,9999.958984375,0.000299111602385701,2.68573256118602E-7,1,14.9888003110469,40.0298881530762,1.99765533342779,18.4199996292591,0.00330122989657532,0.000571766394135193,0.25,-6.91524890938462E-7,0.000299775974760011,-4.17833674577983E-7,224.109466552734,224.109466552734,9999.958984375,9999.958984375,51.6773695489478,17.9704206742151,38.8096084594727,0,0,0,600,224.109039306641,1,4,1,1.97906494140625,55.2297172546387,,,,,,,,,,,,,,,,
,3704825914.943,224.077522277832,9999.95703125,0.000300311888935889,2.74887477776626E-7,1,14.9888003110469,40.0298881530762,1.99764505272497,18.4199996292591,0.0033146578303114,0.000572947987408365,0.25,-7.94973606616871E-7,0.000300979190455313,-5.20378185802096E-7,224.085433959961,224.085433959961,9999.955078125,9999.958984375,51.5929536688708,17.9731906243185,38.8208198547363,0,0,0,600,224.123260498047,1,4,1,1.97799682617187,55.2297172546387,,,,,,,,,,,,,,,,
,3704825929.9815,224.065017700195,9999.9619140625,0.000298916596576045,2.50063186342739E-7,1,14.9888003110469,40.0298881530762,1.99767312367683,18.4199996292591,0.00329721473388887,0.000582185323644794,0.25,2.8657336733841E-7,0.000299579912243335,5.62304074713553E-7,224.069610595703,224.069610595703,9999.955078125,9999.96875,51.5538722429093,17.9695668462239,38.8320350646973,0,0,0,600,224.138641357422,1,4,1,1.97906494140625,55.2297172546387,,,,,,,,,,,,,,,,
,3704826253.829,229.151840209961,9999.9638671875,,,2,,,,18.4399997764826,,,,,,,229.151840209961,229.151840209961,9999.9638671875,9999.9638671875,,,38.910530090332,,,,600,229.33154296875,0,0,0,0.0421142578125,51.808406829834,,,,,,,,,,,,,,,,
,3704826319.757,229.09595489502,9999.958984375,0.000297787746378993,2.71125000728555E-7,1,14.9888003110469,40.0298881530762,1.99774472955373,18.4199996292591,0.0032866476883767,0.000567136632202083,0.25,-8.66422544171427E-7,0.000298406733243779,-6.01425454523792E-7,229.097320556641,229.097320556641,9999.94921875,9999.96875,51.4733645054285,17.9742581051509,38.9217414855957,0,0,0,600,229.251510620117,1,4,1,1.97677612304687,54.2522010803223,,,,,,,,,,,,,,,,
,3704826334.7775,229.09595489502,9999.970703125,0.000298250902429894,2.13334032211792E-7,1,14.9888003110469,40.0298881530762,1.99771828217723,18.4199996292591,0.00329219750416069,0.000565280798165394,0.25,-1.11532218062203E-6,0.000298871073807415,-8.50426856158457E-7,229.094589233398,229.094589233398,9999.96875,9999.97265625,51.6038964681401,17.9762187379514,38.910530090332,0,0,0,600,229.253921508789,1,4,1,1.97784423828125,54.7409591674805,,,,,,,,,,,,,,,,
,3704826349.7475,229.098518371582,9999.970703125,0.000297586146064935,2.10532339660305E-7,1,14.9888003110469,40.0298881530762,1.99766033487025,18.4199996292591,0.00328308216916218,0.000573613623430134,0.25,-2.41787346138177E-7,0.000298204132849043,2.43222912684038E-8,229.097320556641,229.097320556641,9999.96875,9999.97265625,51.5015031321208,17.9737439712805,38.910530090332,0,0,0,600,229.254455566406,1,4,1,1.97906494140625,54.2522010803223,,,,,,,,,,,,,,,,
,3704826724.326,234.050430297852,9999.970703125,0.000295601790897221,2.4658614740822E-7,1,14.9888003110469,40.0298881530762,1.99774540666461,18.4199996292591,0.00326455718169229,0.000548648332353139,0.25,-2.14487799572332E-6,0.000296175063388569,-1.89092713195072E-6,234.048034667969,234.048034667969,9999.9638671875,9999.9775390625,51.5906087833132,17.9741960922144,39.0226631164551,0,0,0,600,234.245544433594,1,4,1,1.97860717773438,55.2297172546387,,,,,,,,,,,,,,,,
,3704826739.4155,234.056457519531,9999.9638671875,0.000295993601347306,2.50275410955659E-7,1,14.9888003110469,40.0298881530762,1.99770644650662,18.4199996292591,0.0032659350782633,0.0005658184260256,0.25,-6.5597446512423E-7,0.000296566279492124,-3.9881133736874E-7,234.052825927734,234.052825927734,9999.9638671875,9999.9638671875,51.5952985544285,17.9755380936943,39.0002365112305,0,0,0,600,234.250457763672,1,4,1,1.97845458984375,55.2297172546387,,,,,,,,,,,,,,,,
,3704826754.399,234.062873840332,9999.96142578125,0.000295783509089961,2.17553946145277E-7,1,14.9888003110469,40.0298881530762,1.99775496677195,18.4199996292591,0.00326382925412037,0.000564645719821473,0.25,-7.26583732551924E-7,0.000296355787787188,-4.6974889436868E-7,234.060089111328,234.060089111328,9999.958984375,9999.9638671875,51.6296902092747,17.9745869872233,39.0114479064941,0,0,0,600,234.256149291992,1,4,1,1.97738647460938,55.2297172546387,,,,,,,,,,,,,,,,
,3704826868.325,241.12956237793,9999.9453125,,,2,,,,18.4399997764826,,,,,,,241.12956237793,241.12956237793,9999.9453125,9999.9453125,,,39.0899429321289,,,,600,248.168441772461,0,0,0,0.043182373046875,52.2971649169922,,,,,,,,,,,,,,,,
,3704827069.1905,239.059097290039,9999.958984375,0.000294394803768026,2.71742033919606E-7,1,14.9888003110469,40.0298881530762,1.99769058223816,18.4199996292591,0.00324823077957823,0.000560208732677038,0.25,-8.69773142499993E-7,0.000294921714609116,-6.20743774091335E-7,239.050552368164,239.050552368164,9999.94921875,9999.96875,51.6382881229862,17.9743018418997,39.1011581420898,0,0,0,600,239.314575195313,1,4,1,1.978759765625,54.7409591674805,,,,,,,,,,,,,,,,
,3704827084.1,239.071975708008,9999.970703125,0.000294263422704665,2.6305042327402E-7,1,14.9888003110469,40.0298881530762,1.99768591542245,18.4199996292591,0.00324695544908658,0.000558916325613373,0.25,-9.6376157523219E-7,0.000294790068027964,-7.15027860291381E-7,239.067642211914,239.067642211914,9999.96875,9999.97265625,51.6335983518709,17.9780548080655,39.1011581420898,0,0,0,600,239.299057006836,1,4,1,1.99630737304687,55.2297172546387,,,,,,,,,,,,,,,,
,3704827099.132,239.078422546387,9999.935546875,0.000294486268088544,2.71119025775967E-7,1,14.9888003110469,40.0298881530762,1.99768514383027,18.4199996292591,0.00324940356223266,0.000559390561431486,0.25,-9.59833381024719E-7,0.000295013252815691,-7.10910910585922E-7,239.076309204102,239.076309204102,9999.8984375,9999.97265625,51.6492309222555,17.978186001461,39.0899429321289,0,0,0,600,239.294387817383,1,4,1,1.97830200195313,54.7409591674805,,,,,,,,,,,,,,,,
,3704827428.9975,244.092887878418,9999.9033203125,0.000292675048029629,2.76341138068155E-7,1,14.9888003110469,40.0298881530762,1.99766180902145,18.4199996292591,0.00322885909393392,0.000556144638853201,0.25,-9.22244777046124E-7,0.000293155749837035,-6.80788672413769E-7,244.084335327148,244.084335327148,9999.9033203125,9999.9033203125,51.6765879204285,17.9806318504332,39.2132911682129,0,0,0,600,244.369766235352,1,4,1,1.99920654296875,55.7184753417969,,,,,,,,,,,,,,,,
,3704827443.9175,244.107200622559,9999.90087890625,0.000292402395384673,2.78797074924006E-7,1,14.9888003110469,40.0298881530762,1.99768390413001,18.4199996292591,0.00322553877354734,0.000557597409724051,0.25,-7.43133409939091E-7,0.000292882378352626,-5.01626695209106E-7,244.101440429687,244.101440429687,9999.8984375,9999.9033203125,51.495250103967,17.9778991909414,39.2132911682129,0,0,0,600,244.363815307617,1,4,1,1.97906494140625,55.2297172546387,,,,,,,,,,,,,,,,
,3704827458.7745,244.116806030273,9999.90283203125,0.000292620082115997,2.61336715430958E-7,1,14.9888003110469,40.0298881530762,1.99767413357306,18.4199996292591,0.00322484043028958,0.000575582358505128,0.25,8.50037186261986E-7,0.000293099016883573,1.09432475520968E-6,244.11296081543,244.11296081543,9999.8984375,9999.9072265625,51.6429778941016,17.9778553277586,39.2245025634766,0,0,0,600,244.365219116211,1,4,1,1.97799682617187,55.2297172546387,,,,,,,,,,,,,,,,
,3704827500.303,244.219848632813,9999.9072265625,,,2,,,,18.4399997764826,,,,,,,244.219848632813,244.219848632813,9999.9072265625,9999.9072265625,,,39.2132911682129,,,,600,248.574066162109,0,0,0,0.013427734375,52.2971649169922,,,,,,,,,,,,,,,,
,3704827788.6035,249.129112243652,9999.9169921875,0.000291328193248817,2.58330056291843E-7,1,14.9888003110469,40.0298881530762,1.99767950066937,18.4199996292591,0.00321359127649731,0.000553276738807448,0.25,-9.33163533083992E-7,0.00029176342917102,-6.9855385471519E-7,249.117172241211,249.117172241211,9999.9169921875,9999.9169921875,51.7711649712555,17.9785512503259,39.3142127990723,0,0,0,600,249.449768066406,1,4,1,1.97967529296875,54.7409591674805,,,,,,,,,,,,,,,,
,3704827803.65,249.147521972656,9999.9150390625,0.000291377770774674,2.46146550447479E-7,1,14.9888003110469,40.0298881530762,1.99765862101968,18.4199996292591,0.0032143585914455,0.000551917061312025,0.25,-1.0646487866998E-6,0.000291813028514129,-8.30215362810013E-7,249.141052246094,249.141052246094,9999.9130859375,9999.9169921875,51.6038964681401,17.9786000016957,39.3142127990723,0,0,0,600,249.443572998047,1,4,1,1.978759765625,55.2297172546387,,,,,,,,,,,,,,,,
,3704827818.6515,249.158744812012,9999.919921875,0.000291857464161254,2.61261693927641E-7,1,14.9888003110469,40.0298881530762,1.9976149753356,18.4199996292591,0.00322111586141373,0.000544075302433438,0.25,-1.85906822604002E-6,0.00029229398363323,-1.6254427338007E-6,249.153991699219,249.153991699219,9999.9130859375,9999.9267578125,51.4858705617362,17.9799264821151,39.3142127990723,0,0,0,600,249.445007324219,1,4,1,1.97952270507813,55.2297172546387,,,,,,,,,,,,,,,,
,3704827932.497,256.104766845703,9999.9169921875,,,2,,,,18.4199996241927,,,,,,,256.104766845703,256.104766845703,9999.9169921875,9999.9169921875,,,39.4151306152344,,,,600,263.414794921875,0,0,0,0.046234130859375,52.7859268188477,,,,,,,,,,,,,,,,
,3704828163.344,254.175239562988,9999.91015625,0.00028977823956842,2.82525030550539E-7,1,14.9888003110469,40.0298881530762,1.97271716710722,18.4099990874529,0.00315734748375428,0.000547583462309514,0.25,-5.67076493176534E-7,0.000290167525122747,-3.38665282849109E-7,254.165176391602,254.165176391602,9999.9072265625,9999.9130859375,51.5992066970247,17.9854069461014,39.4824142456055,0,0,0,600,254.521011352539,1,4,1,1.96624755859375,54.7409591674805,,,,,,,,,,,,,,,,
,3704828178.3265,254.19263458252,9999.9169921875,0.000289463307778758,2.92882866803095E-7,1,14.9888003110469,40.0298881530762,1.97277937069407,18.4099990874529,0.00315258393590187,0.000555127717709825,0.25,1.79334383173609E-7,0.000289851430887803,4.08479229868143E-7,254.185302734375,254.185302734375,9999.9072265625,9999.9267578125,51.6062413536978,17.9849842626722,39.4824142456055,0,0,0,600,254.517868041992,1,4,1,1.96929931640625,54.7409591674805,,,,,,,,,,,,,,,,
,3704828193.3225,254.205726623535,9999.9287109375,0.000287973025131672,2.86842163991634E-7,1,14.9888003110469,40.0298881530762,1.97273754029675,18.4099990874529,0.00313593708294376,0.000554261418105289,0.25,3.62329411528048E-7,0.000288358892601712,5.90527020343876E-7,254.199966430664,254.199966430664,9999.9267578125,9999.9306640625,51.383477225717,17.9829124656689,39.4711990356445,0,0,0,600,254.519439697266,1,4,1,1.9696044921875,54.7409591674805,,,,,,,,,,,,,,,,
,3704828538.041,259.212310791016,9999.9287109375,0.000288223137448941,2.85218524217388E-7,1,14.9888003110469,40.0298881530762,1.97269849421534,18.4099990874529,0.0031404356759149,0.000541532282796181,0.25,-8.36643801526642E-7,0.000288567319168224,-6.14997008908177E-7,259.200866699219,259.200866699219,9999.921875,9999.935546875,51.4436626216978,17.9854519625438,39.6281852722168,0,0,0,600,259.58642578125,1,4,1,1.97052001953125,54.7409591674805,,,,,,,,,,,,,,,,
,3704828561.918,259.240051269531,9999.9169921875,,,2,,,,18.4300001659989,,,,,,,259.240051269531,259.240051269531,9999.9169921875,9999.9169921875,,,39.6394004821777,,,,600,259.596313476562,0,0,0,0.04364013671875,52.2971649169922,,,,,,,,,,,,,,,,
touchdown = 9.99000016599894 mm,3704828573.0745,259.248352050781,9999.921875,0.000288064437992265,2.74297001858158E-7,1,14.9888003110469,40.0298881530762,1.99755401032504,18.4199996292591,0.00317659785060844,0.000546014707899102,0.25,-9.90568569035805E-7,0.000288408239674797,-7.69263848090077E-7,259.223754882813,259.223754882813,9999.921875,9999.921875,51.5476192147555,17.9826131514026,39.6618270874023,0,0,0,600,259.597442626953,1,4,1,1.97921752929687,54.2522010803223,,,,,,,,,,,,,,,,
,3704828603.0485,259.27424621582,9999.921875,0.000288184845827153,2.75397892719782E-7,1,14.9888003110469,40.0298881530762,1.99760273881088,18.4199996292591,0.00317655238644957,0.000554488791912879,0.25,-2.43870238112792E-7,0.000288527991592614,-2.16097857386189E-8,259.27294921875,259.27294921875,9999.921875,9999.921875,51.8008668549862,17.9836297736212,39.6506156921387,0,0,0,600,259.599914550781,1,4,1,1.97982788085938,54.2522010803223,,,,,,,,,,,,,,,,
,3704828942.7285,264.249771118164,9999.91943359375,0.000286839222671388,2.67242753935821E-7,1,14.9888003110469,40.0298881530762,1.99760919898255,18.4199996292591,0.00316231145029038,0.000545826771582261,0.25,-7.81607067001555E-7,0.0002871385287608,-5.659009748282E-7,264.236419677734,264.236419677734,9999.9169921875,9999.921875,51.7656935716209,17.9846103265474,39.8412399291992,0,0,0,600,264.66552734375,1,4,1,1.97967529296875,55.7184753417969,,,,,,,,,,,,,,,,
,3704828957.727,264.273208618164,9999.91943359375,0.000286017126608611,2.76414281704759E-7,1,14.9888003110469,40.0298881530762,1.99760541584319,18.4199996292591,0.00315329636023104,0.000543940998007542,0.25,-8.08388000572753E-7,0.000286315396115222,-5.93352753402615E-7,264.263122558594,264.263122558594,9999.9169921875,9999.921875,51.5937352973901,17.986036757438,39.8524551391602,0,0,0,600,264.672088623047,1,4,1,1.97906494140625,55.2297172546387,,,,,,,,,,,,,,,,
,3704828972.7295,264.291351318359,9999.91455078125,0.0002857052063474,2.72344579598259E-7,1,14.9888003110469,40.0298881530762,1.99763348893554,18.4199996292591,0.00315400729791938,0.000519927009278973,0.25,-2.93350896993386E-6,0.000286004599915022,-2.72093693483602E-6,264.283294677734,264.283294677734,9999.9072265625,9999.921875,51.7531875153132,17.9863577129432,39.8636703491211,0,0,0,600,264.674102783203,1,4,1,1.99783325195313,55.2297172546387,,,,,,,,,,,,,,,,
,3704829086.685,271.154388427734,9999.921875,,,2,,,,18.4199996241927,,,,,,,271.154388427734,271.154388427734,9999.921875,9999.921875,,,39.9758033752441,,,,600,278.698822021484,0,0,0,0.035858154296875,52.2971649169922,,,,,,,,,,,,,,,,
,3704829332.447,269.319107055664,9999.921875,0.000285914511613261,2.65226906551384E-7,1,14.9888003110469,40.0298881530762,1.99761435112281,18.4099990874529,0.00315114145193149,0.000546862745826922,0.25,-5.13149235694787E-7,0.000286169213370013,-3.02648193136233E-7,269.308258056641,269.308258056641,9999.9169921875,9999.9267578125,51.4913419613708,17.9858960377251,40.0991516113281,0,0,0,600,269.752044677734,1,4,1,1.99356079101562,55.2297172546387,,,,,,,,,,,,,,,,
,3704829347.477,269.338363647461,9999.9267578125,0.00028573351886716,2.58043187107783E-7,1,14.9888003110469,40.0298881530762,1.9976251794316,18.4099990874529,0.00314756048528546,0.000555644758897276,0.25,3.15457990416846E-7,0.000285987283203434,5.26544271313885E-7,269.329956054687,269.329956054687,9999.9267578125,9999.9267578125,51.5648150421785,17.9850367038059,40.1327896118164,0,0,0,600,269.756561279297,1,4,1,1.9805908203125,54.7409591674805,,,,,,,,,,,,,,,,
,3704829362.437,269.353775024414,9999.9267578125,0.000285477146819558,2.47946370613969E-7,1,14.9888003110469,40.0298881530762,1.99759524041509,18.4099990874529,0.00314723403364844,0.000540634204568751,0.25,-1.00122515982555E-6,0.000285731522626952,-7.9151246089997E-7,269.346771240234,269.346771240234,9999.9267578125,9999.9267578125,51.6672083781978,17.9856803511726,40.1327896118164,0,0,0,600,269.760803222656,1,4,1,1.98013305664062,55.2297172546387,,,,,,,,,,,,,,,,
,3704829716.411,274.346069335938,9999.9404296875,,,2,,,,18.4000004032254,,,,,,,274.346069335938,274.346069335938,9999.9404296875,9999.9404296875,,,40.4467658996582,,,,600,274.828430175781,0,0,0,0.04180908203125,52.2971649169922,,,,,,,,,,,,,,,,
,3704829757.361,274.405746459961,9999.9287109375,0.000285528431197634,2.61286356719561E-7,1,14.9888003110469,40.0298881530762,1.99755967558738,18.3899998664856,0.00314665983710757,0.000544112846246182,0.25,-6.81552090153922E-7,0.000285739288354044,-4.76060792211972E-7,274.404571533203,274.404571533203,9999.921875,9999.935546875,51.6445411511401,17.9838779341103,40.4804077148438,0,0,0,600,274.833801269531,1,4,1,1.98257446289062,54.2522010803223,,,,,,,,,,,,,,,,
,3704829767.2185,274.413391113281,9999.91455078125,0.000284747615771773,2.71251499763377E-7,1,14.9888003110469,40.0298881530762,1.99751049363403,18.3899998664856,0.00313884085516726,0.000537707952609862,0.25,-1.12488006871014E-6,0.000284958152043013,-9.2028532559626E-7,274.406921386719,274.406921386719,9999.9072265625,9999.921875,51.7852342846016,17.9861657290185,40.5028343200684,0,0,0,600,274.841552734375,1,4,1,1.99844360351562,55.7184753417969,,,,,,,,,,,,,,,,
,3704829782.2375,274.425033569336,9999.88671875,0.000284551255142152,2.54522862406533E-7,1,14.9888003110469,40.0298881530762,1.99752028713415,18.3899998664856,0.0031379049210552,0.000530411024773275,0.25,-1.75305716124654E-6,0.000284762000336715,-1.54907659051254E-6,274.419860839844,274.419860839844,9999.8662109375,9999.9072265625,51.5718496988516,17.9844729576537,40.4916191101074,0,0,0,600,274.851501464844,1,4,1,1.99752807617187,54.7409591674805,,,,,,,,,,,,,,,,
,3704830141.9065,279.399520874023,9999.86865234375,0.000283316204591339,2.65767004695319E-7,1,14.9888003110469,40.0298881530762,1.99753492795257,18.3899998664856,0.0031220433313191,0.000538277457658367,0.25,-8.11046890778147E-7,0.000283482966144402,-6.11504346616084E-7,279.386993408203,279.386993408203,9999.8662109375,9999.87109375,51.678151177467,17.9857997875143,40.884090423584,0,0,0,600,279.920532226562,1,4,1,1.98028564453125,55.2297172546387,,,,,,,,,,,,,,,,
,3704830156.8625,279.423767089844,9999.87060546875,0.000282556354458567,2.60493459948986E-7,1,14.9888003110469,40.0298881530762,1.99750195711968,18.3899998664856,0.00311019661780049,0.000556341066558166,0.25,9.63092552511417E-7,0.000282721211724605,1.1631178434768E-6,279.412048339844,279.412048339844,9999.8662109375,9999.875,51.6156208959285,17.9851235701167,40.9065170288086,0,0,0,600,279.927337646484,1,4,1,1.99813842773438,55.2297172546387,,,,,,,,,,,,,,,,
,3704830171.864,279.445083618164,9999.87744140625,0.000283463069176589,2.62525542115403E-7,1,14.9888003110469,40.0298881530762,1.99750180945364,18.3899998664856,0.0031238307759512,0.000537278383840173,0.25,-9.26635915037237E-7,0.000283629609781751,-7.27095403884275E-7,279.435485839844,279.435485839844,9999.875,9999.8798828125,51.4460075072554,17.9862843463513,40.9065170288086,0,0,0,600,279.92626953125,1,4,1,1.98028564453125,55.2297172546387,,,,,,,,,,,,,,,,
,3704830285.847,286.119689941406,9999.9169921875,,,2,,,,18.4100000137091,,,,,,,286.119689941406,286.119689941406,9999.9169921875,9999.9169921875,,,41.1083564758301,,,,600,294.140411376953,0,0,0,0.047149658203125,52.2971649169922,,,,,,,,,,,,,,,,
,3704830531.612,284.440841674805,9999.93115234375,0.000281811992637208,2.69069835707026E-7,1,14.9888003110469,40.0298881530762,1.99766402875509,18.3899998664856,0.00310570995110362,0.0005323889295801,0.25,-1.07334040042223E-6,0.000281935287961866,-8.79077587663852E-7,284.426666259766,284.426666259766,9999.921875,9999.9404296875,51.4772726480247,17.9854460544512,41.3999061584473,0,0,0,600,285.014404296875,1,4,1,1.99935913085938,55.2297172546387,,,,,,,,,,,,,,,,
,3704830546.611,284.467910766602,9999.91943359375,0.000281070129454146,2.81585330905867E-7,1,14.9888003110469,40.0298881530762,1.99767478608107,18.3899998664856,0.00309750749972897,0.000531218189970183,0.25,-1.04974695969803E-6,0.000281192856794457,-8.56007839386441E-7,284.455017089844,284.455017089844,9999.9169921875,9999.921875,51.749279372717,17.9863632023478,41.4223327636719,0,0,0,600,285.023101806641,1,4,1,1.998291015625,55.2297172546387,,,,,,,,,,,,,,,,
,3704830561.537,284.489212036133,9999.9169921875,0.000279818931416242,2.81871792643257E-7,1,14.9888003110469,40.0298881530762,1.99768178816915,18.3899998664856,0.00308453027324057,0.000524274207923816,0.25,-1.46098014205152E-6,0.000279941220306849,-1.26830043263354E-6,284.480804443359,284.480804443359,9999.9169921875,9999.9169921875,51.5046296461978,17.9887532204495,41.4111175537109,0,0,0,600,285.024597167969,1,4,1,1.995849609375,55.2297172546387,,,,,,,,,,,,,,,,
,3704830915.438,289.469329833984,10000.046875,,,2,,,,18.4100000137091,,,,,,,289.469329833984,289.469329833984,10000.046875,10000.046875,,,41.9045104980469,,,,600,290.085052490234,0,0,0,0.042572021484375,52.2971649169922,,,,,,,,,,,,,,,,
,3704830956.438,289.543746948242,9999.9619140625,0.000281497770526148,2.5161062639414E-7,1,14.9888003110469,40.0298881530762,1.99770157474618,18.3899998664856,0.00309852651188629,0.000550542164554037,0.25,6.40936886407269E-7,0.000281576528553262,8.31523268977603E-7,289.540985107422,289.540985107422,9999.955078125,9999.96875,51.5827924981208,17.9898145353996,41.9942169189453,0,0,0,600,290.107452392578,1,4,1,1.97906494140625,54.2522010803223,,,,,,,,,,,,,,,,
,3704830966.2205,289.55354309082,9999.9521484375,0.00028009592412273,2.72977764774842E-7,1,14.9888003110469,40.0298881530762,1.99770236939991,18.3899998664856,0.00308487207019232,0.000537672104496518,0.25,-2.8203678703063E-7,0.000280174829528454,-9.26658747817783E-8,289.546508789063,289.546508789063,9999.94921875,9999.955078125,51.3186020586208,17.9919658042194,42.005428314209,0,0,0,600,290.116577148438,1,4,1,1.98104858398438,54.2522010803223,,,,,,,,,,,,,,,,
,3704830981.2515,289.567687988281,9999.9541015625,0.00027998873466508,3.10443644478826E-7,1,14.9888003110469,40.0298881530762,1.99765682970945,18.3899998664856,0.00308512504712881,0.000528890151426873,0.25,-1.05968425586E-6,0.000280068016743631,-8.70615027343358E-7,289.560577392578,289.560577392578,9999.94921875,9999.958984375,51.5992066970247,17.9898034834957,42.0166435241699,0,0,0,600,290.124053955078,1,4,1,1.98196411132813,54.2522010803223,,,,,,,,,,,,,,,,
,3704831356.0465,294.553604125977,9999.96875,0.000278501764172774,2.69973547056339E-7,1,14.9888003110469,40.0298881530762,1.99766262489707,18.3899998664856,0.00307131094406529,0.000508765823925116,0.25,-2.61596580396724E-6,0.000278539892486906,-2.43176051277606E-6,294.539978027344,294.539978027344,9999.96875,9999.96875,51.4944684754478,17.9916547830682,42.6782341003418,0,0,0,600,295.215759277344,1,4,1,1.99813842773438,55.2297172546387,,,,,,,,,,,,,,,,
,3704831371.0505,294.5791015625,9999.96630859375,0.000278496944239319,2.80703623830019E-7,1,14.9888003110469,40.0298881530762,1.99769083261909,18.3899998664856,0.00306920480786408,0.000520695061242074,0.25,-1.53219347007875E-6,0.000278534140277619,-1.34786768750378E-6,294.567230224609,294.567230224609,9999.9638671875,9999.96875,51.6390697515055,17.9923195106579,42.7118759155273,0,0,0,600,295.219848632812,1,4,1,1.99951171875,55.7184753417969,,,,,,,,,,,,,,,,
,3704831385.971,294.599685668945,9999.95947265625,0.000278875005637149,2.84192035581259E-7,1,14.9888003110469,40.0298881530762,1.99766419046059,18.3899998664856,0.00307063573009497,0.000536765548427163,0.25,-1.38182637116108E-7,0.000278911154647928,4.65593758318781E-8,294.590972900391,294.590972900391,9999.955078125,9999.9638671875,51.3952016535054,17.9922800888207,42.723087310791,0,0,0,600,295.224060058594,1,4,1,1.99722290039062,55.2297172546387,,,,,,,,,,,,,,,,
,3704831515.069,302.097290039063,9999.94921875,,,2,,,,18.4199996241927,,,,,,,302.097290039063,302.097290039063,9999.94921875,9999.94921875,,,43.0146369934082,,,,600,307.791778564453,0,0,0,0.04150390625,52.2971649169922,,,,,,,,,,,,,,,,
,3704831760.659,299.596542358398,9999.95947265625,0.000277916189878697,2.79262299779296E-7,1,14.9888003110469,40.0298881530762,1.99753528463775,18.4099990874529,0.00306113164988462,0.000525110546314875,0.25,-1.01496686088885E-6,0.000277911086906676,-8.34484999329115E-7,299.581329345703,299.581329345703,9999.955078125,9999.9638671875,51.678151177467,17.9891973538825,43.4855995178223,0,0,0,600,300.302154541016,1,4,1,1.978759765625,55.2297172546387,,,,,,,,,,,,,,,,
,3704831775.617,299.623107910156,9999.96142578125,0.000278498153725415,2.53476589949808E-7,1,14.9888003110469,40.0298881530762,1.99755341895616,18.4099990874529,0.00306332953277308,0.00055037930947885,0.25,1.17822787541306E-6,0.000278491392728573,1.35902208927946E-6,299.611755371094,299.611755371094,9999.958984375,9999.9638671875,51.7000367760055,17.9904448991451,43.5192413330078,0,0,0,600,300.307739257812,1,4,1,1.98135375976562,55.2297172546387,,,,,,,,,,,,,,,,
,3704831790.6795,299.644317626953,10000.0219726562,0.00027590088498632,3.33276908822614E-7,1,14.9888003110469,40.0298881530762,1.99757985684637,18.4099990874529,0.00303607692326575,0.000537952873683728,0.25,5.04075567448978E-7,0.000275894442114913,6.83182528394719E-7,299.634460449219,299.634460449219,9999.958984375,10000.0849609375,51.7000367760055,17.9903334624335,43.5528793334961,0,0,0,600,300.314758300781,1,4,1,1.9781494140625,55.2297172546387,,,,,,,,,,,,,,,,
