,3704383070.23,51.464672088623,9999.8525390625,,,2,,,,17.9000001659989,,,,,,,51.464672088623,51.464672088623,9999.8525390625,9999.8525390625,,,22.3954200744629,,,,400,50.9581298828125,0,0,0,0.0408935546875,38.6119270324707,,,,,,,,,,,,,,,,
,3704383318.8875,52.2355709075928,9999.91015625,0.000216212525269523,2.06737859490244E-7,1,9.99253354069792,40.0298881530762,1.99824145526168,17.8900007158518,0.0023773492862952,0.000422180064721262,0.25,-7.72219805822716E-7,0.000215981149207212,6.18062089309269E-7,52.2359390258789,52.2359390258789,9999.8984375,9999.921875,51.0833318743323,17.9551909030007,22.4858894348145,0,0,0,400,51.9738311767578,1,4,1,1.99127197265625,49.364616394043,,,,,,,,,,,,,,,,
,3704383328.8425,52.2351779937744,9999.90576171875,0.000216340029419311,1.96196838067233E-7,1,9.99253354069792,40.0298881530762,1.99821800347576,17.8900007158518,0.00237859156971757,0.000423157365525352,0.25,-7.05956540503777E-7,0.000216108062678343,6.8506990159159E-7,52.2352027893066,52.2352027893066,9999.8984375,9999.9130859375,51.10599910139,17.9523061647502,22.471643447876,0,0,0,400,51.9734954833984,1,4,1,1.97433471679687,49.364616394043,,,,,,,,,,,,,,,,
,3704383338.832,52.2351474761963,9999.9267578125,0.000216532333198489,1.92484130987861E-7,1,9.99253354069792,40.0298881530762,1.99831949629683,17.8900007158518,0.00237959942433709,0.00043029119586325,0.25,-9.34766849716158E-8,0.000216296218402022,1.29811580199749E-6,52.2351531982422,52.2351531982422,9999.9130859375,9999.9404296875,50.9793752812746,17.9554323037056,22.4792327880859,0,0,0,400,51.9765434265137,1,4,1,1.97479248046875,49.364616394043,,,,,,,,,,,,,,,,
,3704383690.015,56.2357368469238,10000.029296875,,,2,,,,17.9200003182888,,,,,,,56.2357368469238,56.2357368469238,10000.029296875,10000.029296875,,,23.3682632446289,,,,400,55.9295120239258,0,0,0,0.041961669921875,49.364616394043,,,,,,,,,,,,,,,,
,3704383758.524,56.2167415618897,10000.0424804688,0.000186147364058946,2.09521499006561E-7,1,9.99253354069792,40.0298881530762,1.99809791203183,17.9099999368191,0.00203503926981274,0.000440890369405997,0.25,6.33790860863869E-6,0.000186118478611704,7.53480355934746E-6,56.2165412902832,56.2165412902832,10000.0380859375,10000.046875,51.0684809324669,17.953921378165,23.3292026519775,0,0,0,400,55.9471969604492,1,4,1,1.97677612304687,52.2971649169922,,,,,,,,,,,,,,,,
,3704383768.485,56.2168483734131,10000.0424804688,0.000186047227379913,2.05607536043614E-7,1,9.99253354069792,40.0298881530762,1.9981243722127,17.9099999368191,0.00203413818534378,0.000439731859287493,0.25,6.25024030512289E-6,0.000186018904600542,7.4464856882693E-6,56.2169418334961,56.2169418334961,10000.0380859375,10000.046875,51.190414981467,17.9518160153424,23.3170471191406,0,0,0,400,55.9476776123047,1,4,1,1.976318359375,52.2971649169922,,,,,,,,,,,,,,,,
,3704383778.5035,56.2172107696533,10000.0424804688,0.000185551849139783,2.14321208428172E-7,1,9.99253354069792,40.0298881530762,1.99825646498068,17.9099999368191,0.00202709226294888,0.000448283192623747,0.25,7.11483753636953E-6,0.000185517956233418,8.3079528099334E-6,56.2167549133301,56.2167549133301,10000.0380859375,10000.046875,51.1911966099862,17.957306099087,23.3166751861572,0,0,0,400,55.9473838806152,1,4,1,1.97723388671875,52.7859268188477,,,,,,,,,,,,,,,,
,3704384168.218,60.2115325927734,10000.0776367187,0.000167020420762516,2.17480222904318E-7,1,9.99253354069792,40.0298881530762,1.99812327252623,17.9099999368191,0.00182529053456544,0.00041021527276548,0.25,7.01040094858099E-6,0.000167160736000161,8.05940392533218E-6,60.2134704589844,60.2134704589844,10000.0751953125,10000.080078125,51.4741461339478,17.9577066591095,23.7276020050049,0,0,0,400,59.9090042114258,1,4,1,1.97647094726562,54.2522010803223,,,,,,,,,,,,,,,,
,3704384178.195,60.208158493042,10000.0844726562,0.000167572957659886,2.12248164070383E-7,1,9.99253354069792,40.0298881530762,1.99817084905579,17.9099999368191,0.00182986341396812,0.000419896065141853,0.25,7.78858375462145E-6,0.000167708892712478,8.84192063721438E-6,60.2095947265625,60.2095947265625,10000.080078125,10000.0888671875,51.5452743291978,17.9560841303954,23.7561702728271,0,0,0,400,59.9137496948242,1,4,1,1.97662353515625,54.2522010803223,,,,,,,,,,,,,,,,
,3704384188.1555,60.207124710083,10000.0869140625,0.000167466615193324,2.22303959024569E-7,1,9.99253354069792,40.0298881530762,1.99815807344117,17.9099999368191,0.00183024990181348,0.000411014891902885,0.25,7.00159727586249E-6,0.000167607297736259,8.05341460643778E-6,60.2067222595215,60.2067222595215,10000.0849609375,10000.0888671875,51.4897787043324,17.9575593099606,23.7384662628174,0,0,0,400,59.9162063598633,1,4,1,1.97860717773438,54.7409591674805,,,,,,,,,,,,,,,,
,3704384299.776,65.9378509521484,10000.0888671875,,,2,,,,17.9099997764826,,,,,,,65.9378509521484,65.9378509521484,10000.0888671875,10000.0888671875,,,24.2643241882324,,,,400,64.803092956543,0,0,0,0.046844482421875,51.3196487426758,,,,,,,,,,,,,,,,
,3704384567.91,64.2173957824707,10000.0849609375,0.000159857832968621,2.44323259664902E-7,1,9.99253354069792,40.0298881530762,1.99814156403711,17.8999993950129,0.00175189899793982,0.000374578067618134,0.25,5.09328804049758E-6,0.000160143525581339,6.04836317852747E-6,64.2204132080078,64.2204132080078,10000.0849609375,10000.0849609375,51.647667665217,17.9632932564099,24.1155433654785,0,0,0,400,63.8703422546387,1,4,1,1.97341918945313,54.7409591674805,,,,,,,,,,,,,,,,
,3704384577.875,64.2121429443359,10000.0869140625,0.000160982441612617,2.33339097079817E-7,1,9.99253354069792,40.0298881530762,1.99812480073993,17.8999993950129,0.0017630095839715,0.000383840128825709,0.25,5.7305655213176E-6,0.000161266419986859,6.69361900913693E-6,64.2143783569336,64.2143783569336,10000.0849609375,10000.0888671875,51.4436626216978,17.9650913225713,24.111457824707,0,0,0,400,63.8721389770508,1,4,1,1.97616577148438,54.7409591674805,,,,,,,,,,,,,,,,
,3704384587.8715,64.2079772949219,10000.0869140625,0.000161365742272497,2.43142625437635E-7,1,9.99253354069792,40.0298881530762,1.99808249743262,17.8999993950129,0.00176610309663008,0.000390651450139295,0.25,6.27992359197226E-6,0.000161647095363871,7.24638400725879E-6,64.2099075317383,64.2099075317383,10000.0849609375,10000.0888671875,51.7281754026978,17.9611724034082,24.1164073944092,0,0,0,400,63.8771629333496,1,4,1,1.9757080078125,55.2297172546387,,,,,,,,,,,,,,,,
,3704384919.118,68.27490234375,10000.0712890625,,,2,,,,17.9099997764826,,,,,,,68.27490234375,68.27490234375,10000.0712890625,10000.0712890625,,,24.4942035675049,,,,400,67.8721389770508,0,0,0,0.043487548828125,52.2971649169922,,,,,,,,,,,,,,,,
,3704384987.7065,68.2248001098633,10000.0825195312,0.000157420906882967,2.27532779089094E-7,1,9.99253354069792,40.0298881530762,1.97326149342297,17.8999993950129,0.00170412320183179,0.000374995157189908,0.25,6.01659393317687E-6,0.000157808971627163,6.90208372689002E-6,68.2267684936523,68.2267684936523,10000.080078125,10000.0849609375,51.2365310641016,17.9593143273495,24.4417781829834,0,0,0,400,67.8581237792969,1,4,1,1.96670532226562,54.2522010803223,,,,,,,,,,,,,,,,
,3704384997.636,68.2217407226563,10000.0776367187,0.000157589038894274,2.40870079382527E-7,1,9.99253354069792,40.0298881530762,1.97329414045087,17.8999993950129,0.00170573693006425,0.000376690245367452,0.25,6.1412075176765E-6,0.000157976789063711,7.02800512344086E-6,68.2228317260742,68.2228317260742,10000.0751953125,10000.080078125,51.5351131584478,17.9601059309565,24.460355758667,0,0,0,400,67.8613586425781,1,4,1,1.96487426757813,54.2522010803223,,,,,,,,,,,,,,,,
,3704385007.6295,68.2198715209961,10000.08203125,0.00015773734055752,2.39501701565675E-7,1,9.99253354069792,40.0298881530762,1.97333945414429,17.8999993950129,0.00170602407697067,0.000384566864452115,0.25,6.83626436786819E-6,0.000158121601933104,7.72576862967006E-6,68.2206497192383,68.2206497192383,10000.0751953125,10000.0888671875,51.3756609405247,17.9597758746252,24.4642868041992,0,0,0,400,67.8660507202148,1,4,1,1.96487426757813,54.2522010803223,,,,,,,,,,,,,,,,
,3704385407.2725,72.2300033569336,10000.0654296875,0.000154019617487817,2.14834415999144E-7,1,9.99253354069792,40.0298881530762,1.9732928636467,17.8999993950129,0.00166801451921037,0.00036844466551328,0.25,6.07275898021449E-6,0.000154484546651333,6.88015888296399E-6,72.231330871582,72.231330871582,10000.0654296875,10000.0654296875,51.5906087833132,17.9598905344768,24.7889308929443,0,0,0,400,71.8663024902344,1,4,1,1.96487426757813,55.2297172546387,,,,,,,,,,,,,,,,
,3704385417.297,72.2280883789063,10000.068359375,0.000153789514324784,2.17479863325765E-7,1,9.99253354069792,40.0298881530762,1.97321317411729,17.8999993950129,0.00166801893864465,0.000353644635759394,0.25,4.75847859029768E-6,0.000154260389503544,5.56049781752882E-6,72.2286758422852,72.2286758422852,10000.0654296875,10000.0712890625,51.6617369785632,17.9594761813099,24.8288688659668,0,0,0,400,71.8714065551758,1,4,1,1.96685791015625,55.7184753417969,,,,,,,,,,,,,,,,
,3704385427.2495,72.2268829345703,10000.068359375,0.000153891688326706,2.31622903019114E-7,1,9.99253354069792,40.0298881530762,1.97324408253317,17.8999993950129,0.00166941525809093,0.000352420188928442,0.25,4.62733782778178E-6,0.000154363540811775,5.42947556574479E-6,72.2275009155273,72.2275009155273,10000.0654296875,10000.0712890625,51.4092709668516,17.9598875471902,24.8033351898193,0,0,0,400,71.876579284668,1,4,1,1.9659423828125,55.2297172546387,,,,,,,,,,,,,,,,
,3704385528.923,78.7110977172852,10000.080078125,,,2,,,,17.8899996241927,,,,,,,78.7110977172852,78.7110977172852,10000.080078125,10000.080078125,,,25.2455978393555,,,,400,78.238899230957,0,0,0,0.03875732421875,52.2971649169922,,,,,,,,,,,,,,,,
,3704385816.9945,76.2290306091309,10000.0639648438,0.000150558616513154,2.08389699965158E-7,1,9.99253354069792,40.0298881530762,1.99802402771595,17.8699996322393,0.001654475448424,0.000343358568364416,0.25,4.07152098353176E-6,0.000151086465493708,4.79678021285009E-6,76.2305755615234,76.2305755615234,10000.056640625,10000.0712890625,51.4905603328516,17.9586272531989,25.1044063568115,0,0,0,400,75.8443984985352,1,4,1,1.97586059570313,55.2297172546387,,,,,,,,,,,,,,,,
,3704385827.113,76.226993560791,10000.0639648438,0.000150838080995003,2.28087249507291E-7,1,9.99253354069792,40.0298881530762,1.9979699340337,17.8699996322393,0.00165717234430514,0.000345832249524766,0.25,4.24615762189712E-6,0.000151366093059635,4.97339896860857E-6,76.2274856567383,76.2274856567383,10000.056640625,10000.0712890625,51.2474738633708,17.9604381425648,25.0866680145264,0,0,0,400,75.845703125,1,4,1,1.99371337890625,55.2297172546387,,,,,,,,,,,,,,,,
,3704385837.11,76.225959777832,10000.0610351562,0.000150925048853847,2.04939894559612E-7,1,9.99253354069792,40.0298881530762,1.99798918454555,17.8699996322393,0.00165806307160911,0.000346479130653543,0.25,4.28883167028768E-6,0.000151453161157147,5.01665310253694E-6,76.2265014648438,76.2265014648438,10000.056640625,10000.0654296875,51.6851858341401,17.9614648677555,25.0980949401855,0,0,0,400,75.8467864990234,1,4,1,1.9952392578125,55.2297172546387,,,,,,,,,,,,,,,,
,3704386148.358,80.2961120605469,10000.0751953125,,,2,,,,17.9099997764826,,,,,,,80.2961120605469,80.2961120605469,10000.0751953125,10000.0751953125,,,25.3889923095703,,,,400,79.8342742919922,0,0,0,0.0372314453125,52.7859268188477,,,,,,,,,,,,,,,,
,3704386179.348,80.254753112793,10000.0712890625,0.000152221089141701,2.22693418965528E-7,1,9.99253354069792,40.0298881530762,1.99803340300859,17.8999993950129,0.00166710993407266,0.000381737109490672,0.25,7.29410232776971E-6,0.000152789848555483,7.98444866102825E-6,80.2568359375,80.2568359375,10000.0712890625,10000.0712890625,51.3756609405247,17.9595786483923,25.3670406341553,0,0,0,400,79.8277282714844,1,4,1,1.97509765625,54.2522010803223,,,,,,,,,,,,,,,,
,3704386186.7645,80.2493782043457,10000.0732421875,0.000151434945435484,2.24432676615672E-7,1,9.99253354069792,40.0298881530762,1.99801143273,17.8999993950129,0.00165930983795005,0.000375140556987792,0.25,6.83804316860994E-6,0.000152002528715811,7.52324352422008E-6,80.2526702880859,80.2526702880859,10000.0712890625,10000.0751953125,51.1505519269862,17.9625571454258,25.3827476501465,0,0,0,400,79.825325012207,1,4,1,1.976318359375,54.2522010803223,,,,,,,,,,,,,,,,
,3704386196.7185,80.2417602539063,10000.068359375,0.000151095149175701,2.15012352792808E-7,1,9.99253354069792,40.0298881530762,1.99797833419822,17.8999993950129,0.00165668222554689,0.000368025023694774,0.25,6.25520090871559E-6,0.000151663845097121,6.93672427514557E-6,80.2460861206055,80.2460861206055,10000.0615234375,10000.0751953125,51.2756124900631,17.9570790666695,25.382438659668,0,0,0,400,79.8274993896484,1,4,1,1.97677612304687,54.2522010803223,,,,,,,,,,,,,,,,
,3704386506.539,84.2833862304687,10000.0869140625,0.000150632624059579,2.31782267898313E-7,1,9.99253354069792,40.0298881530762,1.99789373525098,17.8999993950129,0.00164913822502923,0.000382667742900992,0.25,7.70796751988944E-6,0.000151230442446908,8.34359468002576E-6,84.2896347045898,84.2896347045898,10000.0849609375,10000.0888671875,51.6922204908132,17.9655256476046,25.6629085540771,0,0,0,400,83.8290863037109,1,4,1,1.97586059570313,55.2297172546387,,,,,,,,,,,,,,,,
,3704386516.586,84.2713928222656,10000.0961914062,0.000151045590747679,2.35320196389582E-7,1,9.99253354069792,40.0298881530762,1.99807022849863,17.8999993950129,0.00165402347965781,0.000382482404785285,0.25,7.61434910493709E-6,0.000151645412983125,8.25138067754015E-6,84.2771377563477,84.2771377563477,10000.0888671875,10000.103515625,51.5226071021401,17.9686766871403,25.6746788024902,0,0,0,400,83.8234939575195,1,4,1,1.976318359375,55.2297172546387,,,,,,,,,,,,,,,,
,3704386526.531,84.2601623535156,10000.091796875,0.000150453634115184,2.39820168480239E-7,1,9.99253354069792,40.0298881530762,1.99804975612492,17.8999993950129,0.00164798553159389,0.000378399039982527,0.25,7.35084514547369E-6,0.000151051953623766,7.98453649083022E-6,84.2656478881836,84.2656478881836,10000.080078125,10000.103515625,51.5734129558901,17.9693486390559,25.6271858215332,0,0,0,400,83.8174209594727,1,4,1,1.97586059570313,55.2297172546387,,,,,,,,,,,,,,,,
,3704386627.841,91.0879516601562,10000.0751953125,,,2,,,,17.9099997764826,,,,,,,91.0879516601562,91.0879516601562,10000.0751953125,10000.0751953125,,,26.0459442138672,,,,400,90.7841644287109,0,0,0,0.045928955078125,52.7859268188477,,,,,,,,,,,,,,,,
,3704386836.324,88.2773895263672,10000.01953125,0.000149818872885323,2.43950549597482E-7,1,9.99253354069792,40.0298881530762,1.99826285871813,17.8999993950129,0.00164224000970289,0.000372713855847061,0.25,6.98611210110504E-6,0.000150442900543128,7.57118473316808E-6,88.2823181152344,88.2823181152344,10000.01953125,10000.01953125,51.5851373836785,17.9756011631364,25.9234313964844,0,0,0,400,87.8351669311523,1,4,1,1.97586059570313,55.2297172546387,,,,,,,,,,,,,,,,
,3704386846.2725,88.2669715881348,10000.0146484375,0.000150433804389239,2.44168067441324E-7,1,9.99253354069792,40.0298881530762,1.99826585473647,17.8999993950129,0.0016493458954319,0.000372206302131252,0.25,6.83032098070854E-6,0.000151061017198017,7.41710492629166E-6,88.2724609375,88.2724609375,10000.009765625,10000.01953125,51.5038480176785,17.9800076790949,25.8993129730225,0,0,0,400,87.8226852416992,1,4,1,1.97662353515625,55.2297172546387,,,,,,,,,,,,,,,,
,3704386856.265,88.2565155029297,10000.01953125,0.000150932517232958,2.61806784035852E-7,1,9.99253354069792,40.0298881530762,1.99826463919839,17.8999993950129,0.00165358638922605,0.000380309260452144,0.25,7.47432074386295E-6,0.000151559447895394,8.06585576720048E-6,88.2614822387695,88.2614822387695,10000.009765625,10000.029296875,51.8086831401786,17.9755702257404,25.8727836608887,0,0,0,400,87.8127593994141,1,4,1,1.97662353515625,55.7184753417969,,,,,,,,,,,,,,,,
,3704387156.0255,92.2722816467285,10000.0263671875,0.000148855144130105,2.4739981830785E-7,1,9.99253354069792,40.0298881530762,1.99815509548509,17.8999993950129,0.00163253340845945,0.000366224859901174,0.25,6.60885268966175E-6,0.000149495396804322,7.14913227760309E-6,92.2745056152344,92.2745056152344,10000.0234375,10000.029296875,51.5499641003131,17.973187964545,26.1409397125244,0,0,0,400,91.8650741577148,1,4,1,1.97540283203125,55.7184753417969,,,,,,,,,,,,,,,,
,3704387166.0625,92.2663192749023,10000.0234375,0.000148811223825944,2.46984310000083E-7,1,9.99253354069792,40.0298881530762,1.99808979293101,17.8999993950129,0.00163168546751694,0.000367875443281616,0.25,6.76696918404547E-6,0.000149450714532927,7.30785808956102E-6,92.2700576782227,92.2700576782227,10000.0234375,10000.0234375,51.4944684754478,17.9719464607722,26.137336730957,0,0,0,400,91.846809387207,1,4,1,1.993408203125,60.6060638427734,,,,,,,,,,,,,,,,
,3704387176.0085,92.2584686279297,10000.0234375,0.000147759333520326,2.3609571487619E-7,1,9.99253354069792,40.0298881530762,1.99817775766538,17.8999993950129,0.00162199807901625,0.000355304826939592,0.25,5.81579590607887E-6,0.000148397373774566,6.34891175483855E-6,92.262580871582,92.262580871582,10000.0234375,10000.0234375,51.4311565653901,17.9725656999085,26.1345195770264,0,0,0,400,91.8309555053711,1,4,1,1.97555541992187,55.7184753417969,,,,,,,,,,,,,,,,
,3704387247.315,96.7195892333984,10000.0146484375,,,2,,,,17.9000001659989,,,,,,,96.7195892333984,96.7195892333984,10000.0146484375,10000.0146484375,,,26.4236793518066,,,,400,106.636764526367,0,0,0,0.04150390625,52.2971649169922,,,,,,,,,,,,,,,,
,3704387475.7825,96.2558212280273,10000.0263671875,0.000147802679117058,2.199546613444E-7,1,9.99253354069792,40.0298881530762,1.99795181202368,17.8900007158518,0.0016212962207867,0.000361829410093387,0.25,6.43462433884496E-6,0.000148451871566345,6.93540032736865E-6,96.2554550170898,96.2554550170898,10000.0234375,10000.029296875,51.4999398750824,17.9671041723894,26.370512008667,0,0,0,400,95.8824768066406,1,4,1,1.97525024414062,55.2297172546387,,,,,,,,,,,,,,,,
,3704387485.7495,96.2548789978027,10000.0234375,0.000147579146777788,2.21355462175277E-7,1,9.99253354069792,40.0298881530762,1.99800157142332,17.8900007158518,0.00162004408186538,0.000354761547955743,0.25,5.83428749725909E-6,0.000148229239484941,6.33163782407189E-6,96.2561874389648,96.2561874389648,10000.0234375,10000.0234375,51.5655966706978,17.9666504260803,26.3886699676514,0,0,0,400,95.8574676513672,1,4,1,1.97509765625,55.7184753417969,,,,,,,,,,,,,,,,
,3704387495.7165,96.2507019042969,10000.021484375,0.000146803452711711,2.06209372168863E-7,1,9.99253354069792,40.0298881530762,1.99795424832493,17.8900007158518,0.00161155928299783,0.000352513917068573,0.25,5.76966564857449E-6,0.000147450225923623,6.26428260660924E-6,96.2535705566406,96.2535705566406,10000.01953125,10000.0234375,51.5171357025055,17.9654355404192,26.3733940124512,0,0,0,400,95.8375396728516,1,4,1,1.97677612304687,55.2297172546387,,,,,,,,,,,,,,,,
,3704387795.541,100.247074127197,10000.009765625,0.000146750768667526,2.31637394684741E-7,1,9.99253354069792,40.0298881530762,1.99804149059043,17.8900007158518,0.0016114812108244,0.000350488315791708,0.25,5.62427866272835E-6,0.000147406058565301,6.08671777570745E-6,100.245162963867,100.245162963867,10000.009765625,10000.009765625,51.4155239950054,17.9688505146121,26.5869331359863,0,0,0,400,99.9016799926758,1,4,1,1.97708129882813,55.7184753417969,,,,,,,,,,,,,,,,
,3704387805.579,100.248794555664,10000.009765625,0.000147175956267445,2.25791349472438E-7,1,9.99253354069792,40.0298881530762,1.99814550393021,17.8900007158518,0.00161518965143216,0.000357376954717424,0.25,6.17018954199851E-6,0.000147831571597988,6.63638100278812E-6,100.248985290527,100.248985290527,10000.009765625,10000.009765625,51.7148877178709,17.9735808479993,26.5951194763184,0,0,0,400,99.8715362548828,1,4,1,1.99264526367187,54.7409591674805,,,,,,,,,,,,,,,,
,3704387815.558,100.246978759766,10000.0053710938,0.000147255746191639,2.29657706862819E-7,1,9.99253354069792,40.0298881530762,1.99809045407679,17.8900007158518,0.00161481673337122,0.00036435000820676,0.25,6.78751191536783E-6,0.00014790988699821,7.25678126537771E-6,100.248603820801,100.248603820801,10000.0009765625,10000.009765625,51.4116158524093,17.9714066469062,26.587423324585,0,0,0,400,99.8470077514648,1,4,1,1.99569702148438,55.7184753417969,,,,,,,,,,,,,,,,
,3704387866.885,101.581657409668,10000.0146484375,,,2,,,,17.9099997764826,,,,,,,101.581657409668,101.581657409668,10000.0146484375,10000.0146484375,,,26.6962642669678,,,,400,110.960006713867,0,0,0,0.045318603515625,52.7859268188477,,,,,,,,,,,,,,,,
,3704388115.32,104.242256164551,10000.0170898438,0.000147543847031041,2.32318109124023E-7,1,9.99253354069792,40.0298881530762,1.99812747661774,17.8999993950129,0.00161945202182166,0.000357225803670862,0.25,6.11870117939848E-6,0.000148206119118698,6.55752443195922E-6,104.239273071289,104.239273071289,10000.0146484375,10000.01953125,51.3311081149285,17.9733388665312,26.7813091278076,0,0,0,400,103.913764953613,1,4,1,1.97586059570313,56.2072334289551,,,,,,,,,,,,,,,,
,3704388125.3115,104.245361328125,10000.0102539062,0.000147026672415192,2.20859144616583E-7,1,9.99253354069792,40.0298881530762,1.99818298686192,17.8999993950129,0.0016135919664838,0.000357256967836521,0.25,6.21248091360255E-6,0.000147686304918745,6.65027580124964E-6,104.245239257813,104.245239257813,10000.0009765625,10000.01953125,51.3639365127362,17.9771815479108,26.7812976837158,0,0,0,400,103.880424499512,1,4,1,1.97586059570313,55.2297172546387,,,,,,,,,,,,,,,,
,3704388135.386,104.243667602539,10000.0034179688,0.000148213946644567,2.4674041341679E-7,1,9.99253354069792,40.0298881530762,1.99814420008914,17.8999993950129,0.00162047152520444,0.000394619230079927,0.25,9.38122722152012E-6,0.000148870224832542,9.83692695777954E-6,104.245483398438,104.245483398438,10000.0009765625,10000.005859375,51.6164025244478,17.9730557283171,26.79612159729,0,0,0,400,103.852188110352,1,4,1,1.97463989257813,55.7184753417969,,,,,,,,,,,,,,,,
,3704388425.1055,108.232410430908,10000.0283203125,0.000145601807984311,2.3738300998174E-7,1,9.99253354069792,40.0298881530762,1.99815271525503,17.8999993950129,0.00159648660102573,0.000362053917497083,0.25,6.92417167271796E-6,0.000146254914408302,7.33631329469461E-6,108.225028991699,108.225028991699,10000.0234375,10000.033203125,51.6406330085439,17.977518905008,26.9686126708984,0,0,0,400,107.985023498535,1,4,1,1.97509765625,55.7184753417969,,,,,,,,,,,,,,,,
,3704388435.162,108.244487762451,10000.033203125,0.000145635760575672,2.29655389431681E-7,1,9.99253354069792,40.0298881530762,1.99809584086135,17.8999993950129,0.0015974641528244,0.000358471704935541,0.25,6.59515074023372E-6,0.000146289884818143,7.00579261925027E-6,108.239791870117,108.239791870117,10000.033203125,10000.033203125,51.6812776915439,17.9738326067652,26.9868698120117,0,0,0,400,107.94548034668,1,4,1,1.97799682617187,55.7184753417969,,,,,,,,,,,,,,,,
,3704388445.1405,108.250164031982,10000.0239257813,0.000145859643220181,2.40276555525745E-7,1,9.99253354069792,40.0298881530762,1.99812479853657,17.8999993950129,0.00159816790025529,0.000369032772972752,0.25,7.51011554610618E-6,0.000146512411816754,7.92552596782589E-6,108.249183654785,108.249183654785,10000.0146484375,10000.033203125,51.7242672601016,17.9761704576306,26.9850902557373,0,0,0,400,107.905654907227,1,4,1,1.97479248046875,55.7184753417969,,,,,,,,,,,,,,,,
,3704388486.659,108.713233947754,10000.033203125,,,2,,,,17.9200003182888,,,,,,,108.713233947754,108.713233947754,10000.033203125,10000.033203125,,,27.03200340271,,,,400,115.335105895996,0,0,0,0.047760009765625,52.2971649169922,,,,,,,,,,,,,,,,
,3704388734.8155,112.227397918701,10000.0122070312,0.000144843856038252,2.37632801664292E-7,1,9.99253354069792,40.0298881530762,1.99796956829975,17.9099999368191,0.00158867932776188,0.000356488995306411,0.25,6.58050559011254E-6,0.000145493959067364,6.96668044518876E-6,112.218086242676,112.218086242676,10000.009765625,10000.0146484375,51.4522605354093,17.9704915732971,27.1607761383057,0,0,0,400,112.00276184082,1,4,1,1.9793701171875,55.2297172546387,,,,,,,,,,,,,,,,
,3704388744.826,112.242221832275,10000.0219726562,0.000144795850504276,2.26346212814905E-7,1,9.99253354069792,40.0298881530762,1.99802181509758,17.9099999368191,0.00158841045935485,0.000355147483961429,0.25,6.46696739992269E-6,0.000145446006258303,6.85242317111172E-6,112.236709594727,112.236709594727,10000.0146484375,10000.029296875,51.6156208959285,17.9688394382976,27.1738510131836,0,0,0,400,111.958763122559,1,4,1,1.9964599609375,55.7184753417969,,,,,,,,,,,,,,,,
,3704388754.858,112.249179840088,10000.029296875,0.00014532939176735,2.35612516373983E-7,1,9.99253354069792,40.0298881530762,1.99809000592134,17.9099999368191,0.00159504925497654,0.000352323228623507,0.25,6.11603709710763E-6,0.000145982861181997,6.50115221218833E-6,112.247734069824,112.247734069824,10000.029296875,10000.029296875,51.6656451211593,17.9727297057128,27.1624450683594,0,0,0,400,111.91429901123,1,4,1,1.97723388671875,55.2297172546387,,,,,,,,,,,,,,,,
,3704388866.186,119.439247131348,10000.0234375,,,2,,,,17.9099997764826,,,,,,,119.439247131348,119.439247131348,10000.0234375,10000.0234375,,,27.449047088623,,,,400,118.246604919434,0,0,0,0.044403076171875,52.7859268188477,,,,,,,,,,,,,,,,
,3704389044.7,116.22159576416,10000.0263671875,0.000144969927691904,2.45293077985051E-7,1,9.99253354069792,40.0298881530762,1.99799996444933,17.8999993950129,0.00158846247421698,0.0003658163007774,0.25,7.42180311696732E-6,0.000145616293375133,7.79190438846489E-6,116.210762023926,116.210762023926,10000.01953125,10000.033203125,51.5374580440055,17.9707856619391,27.334171295166,0,0,0,400,116.030029296875,1,4,1,1.97525024414062,55.2297172546387,,,,,,,,,,,,,,,,
,3704389054.66,116.238883972168,10000.0244140625,0.000144836637944501,2.31013692070437E-7,1,9.99253354069792,40.0298881530762,1.99804795078258,17.8999993950129,0.00158779847795172,0.000361192305100476,0.25,7.02655602735316E-6,0.000145483296203103,7.39445586580505E-6,116.232429504395,116.232429504395,10000.01953125,10000.029296875,51.3811323401593,17.9722026999621,27.3207130432129,0,0,0,400,115.982292175293,1,4,1,1.97509765625,55.2297172546387,,,,,,,,,,,,,,,,
,3704389064.625,116.24728012085,10000.0336914062,0.000144875226610653,2.49604270603486E-7,1,9.99253354069792,40.0298881530762,1.99810204722783,17.8999993950129,0.00158795610526373,0.000363027449885267,0.25,7.18488434071574E-6,0.00014552168784302,7.55355790842558E-6,116.245338439941,116.245338439941,10000.029296875,10000.0380859375,51.5038480176785,17.9727416798518,27.3540802001953,0,0,0,400,115.933242797852,1,4,1,1.97540283203125,55.2297172546387,,,,,,,,,,,,,,,,
,3704389354.446,120.230194091797,10000.0424804688,0.00014419572661872,2.51330117079703E-7,1,9.99253354069792,40.0298881530762,1.99813126472753,17.8999993950129,0.00158537646963216,0.000333678438973107,0.25,4.66938460536374E-6,0.000144840693859697,5.00687287020005E-6,120.218841552734,120.218841552734,10000.0380859375,10000.046875,51.5116643028708,17.9767751360559,27.4957427978516,0,0,0,400,120.068519592285,1,4,1,1.97525024414062,55.7184753417969,,,,,,,,,,,,,,,,
,3704389364.374,120.247882843018,10000.0424804688,0.000144601074079247,2.8497955051714E-7,1,9.99253354069792,40.0298881530762,1.9981077712638,17.8999993950129,0.00158896157449668,0.000339438074791797,0.25,5.11896681171821E-6,0.000145246875365604,5.45931024607419E-6,120.241546630859,120.241546630859,10000.0380859375,10000.046875,51.2740492330247,17.9694253969325,27.529390335083,0,0,0,400,120.013511657715,1,4,1,1.97616577148438,55.7184753417969,,,,,,,,,,,,,,,,
,3704389374.3925,120.256225585938,10000.046875,0.000144514298030579,2.4381200003334E-7,1,9.99253354069792,40.0298881530762,1.99819851845356,17.8999993950129,0.0015874124576069,0.000343002542755932,0.25,5.4553640997153E-6,0.000145158957210248,5.7970095519329E-6,120.254219055176,120.254219055176,10000.046875,10000.046875,51.3483039423516,17.9764387060579,27.5169982910156,0,0,0,400,119.958869934082,1,4,1,1.97433471679687,55.7184753417969,,,,,,,,,,,,,,,,
,3704389485.905,127.402702331543,10000.029296875,,,2,,,,17.9099997764826,,,,,,,127.402702331543,127.402702331543,10000.029296875,10000.029296875,,,27.7560539245605,,,,400,126.780265808105,0,0,0,0.041961669921875,52.7859268188477,,,,,,,,,,,,,,,,
,3704389664.1505,124.227577209473,10000.0405273438,0.000144473748380812,2.52051650852018E-7,1,9.99253354069792,40.0298881530762,1.99817261821833,17.8999993950129,0.00158631413223293,0.000346131229524786,0.25,5.76316350533739E-6,0.000145112106202922,6.0896817854197E-6,124.215049743652,124.215049743652,10000.0380859375,10000.04296875,51.4178688805631,17.9830423506816,27.6800098419189,0,0,0,400,124.123748779297,1,4,1,1.97555541992187,55.2297172546387,,,,,,,,,,,,,,,,
,3704389674.1755,124.247333526611,10000.04296875,0.000144247079513385,2.56278175715425E-7,1,9.99253354069792,40.0298881530762,1.998292947435,17.8999993950129,0.00158507597184632,0.000339043278162218,0.25,5.16057694991231E-6,0.000144885640274232,5.48383341200522E-6,124.240104675293,124.240104675293,10000.04296875,10000.04296875,51.5999883255439,17.9849806010907,27.660587310791,0,0,0,400,124.060966491699,1,4,1,1.97647094726562,55.2297172546387,,,,,,,,,,,,,,,,
,3704389684.175,124.257347106934,10000.0361328125,0.00014390429023422,2.51304234000551E-7,1,9.99253354069792,40.0298881530762,1.99824115375812,17.8999993950129,0.00158091434801503,0.000340241761129992,0.25,5.33034649789671E-6,0.000144540939570258,5.65361485833528E-6,124.25456237793,124.25456237793,10000.029296875,10000.04296875,51.6531390648516,17.9801063652588,27.6712551116943,0,0,0,400,124.000114440918,1,4,1,1.97723388671875,55.2297172546387,,,,,,,,,,,,,,,,
,3704389974.005,128.233833312988,10000.0356445312,0.000143871890802642,2.51717794114425E-7,1,9.99253354069792,40.0298881530762,1.99819827032558,17.8999993950129,0.00158086816875081,0.000337794396239118,0.25,5.13136493813321E-6,0.000144502154662268,5.43878216557865E-6,128.220718383789,128.220718383789,10000.033203125,10000.0380859375,51.4889970758131,17.9807246388087,27.8412628173828,0,0,0,400,128.161178588867,1,4,1,1.97616577148438,55.7184753417969,,,,,,,,,,,,,,,,
,3704389984.0295,128.253921508789,10000.0380859375,0.000143534408871251,2.54062415030565E-7,1,9.99253354069792,40.0298881530762,1.99822415251962,17.8999993950129,0.00157628755039126,0.000342051612628045,0.25,5.5756832167182E-6,0.000144162255706879,5.88433894302167E-6,128.246948242188,128.246948242188,10000.0380859375,10000.0380859375,51.5140091884285,17.9803759735072,27.8216781616211,0,0,0,400,128.097702026367,1,4,1,1.97509765625,55.2297172546387,,,,,,,,,,,,,,,,
,3704389993.924,128.262878417969,10000.0405273438,0.000143671663179701,2.6718270239826E-7,1,9.99253354069792,40.0298881530762,1.9980955388954,17.8999993950129,0.00157798250959122,0.000340748733861318,0.25,5.4355295671253E-6,0.000144300382005981,5.74380089285028E-6,128.260894775391,128.260894775391,10000.0380859375,10000.04296875,51.5827924981208,17.9759880748369,27.8393287658691,0,0,0,400,128.0283203125,1,4,1,1.9927978515625,55.7184753417969,,,,,,,,,,,,,,,,
,3704390105.607,135.306060791016,10000.04296875,,,2,,,,17.9000001659989,,,,,,,135.306060791016,135.306060791016,10000.04296875,10000.04296875,,,28.0520324707031,,,,400,134.752914428711,0,0,0,0.04608154296875,52.7859268188477,,,,,,,,,,,,,,,,
,3704390323.8005,132.25838470459,10000.0336914062,0.000143832505780049,3.04202641368057E-7,1,9.99253354069792,40.0298881530762,1.99811415873959,17.8900007158518,0.00158064437141325,0.000335647659504635,0.25,4.96043039389225E-6,0.000144455173082121,5.25326847330683E-6,132.263809204102,132.263809204102,10000.029296875,10000.0380859375,51.4514789068901,17.9865802150133,27.9718227386475,0,0,0,400,131.934188842773,1,4,1,1.97891235351562,55.2297172546387,,,,,,,,,,,,,,,,
,3704390333.712,132.246528625488,10000.0336914062,0.000143641308715216,2.51078108848923E-7,1,9.99253354069792,40.0298881530762,1.99807487903508,17.8900007158518,0.00157838725891128,0.000335913154137494,0.25,5.01872599856775E-6,0.000144263050191841,5.31149859111635E-6,132.252960205078,132.252960205078,10000.029296875,10000.0380859375,51.7422447160439,17.9883026559421,27.9698657989502,0,0,0,400,131.897827148438,1,4,1,1.9769287109375,55.2297172546387,,,,,,,,,,,,,,,,
,3704390343.702,132.23265838623,10000.0356445312,0.000143126664128609,2.54616757595601E-7,1,9.99253354069792,40.0298881530762,1.9981048048163,17.8900007158518,0.00157284714707577,0.000334191553376763,0.25,4.95340832753927E-6,0.00014374629539307,5.24496901181688E-6,132.240097045898,132.240097045898,10000.033203125,10000.0380859375,51.4084893383324,17.9840491039748,27.9683742523193,0,0,0,400,131.867965698242,1,4,1,1.97860717773438,55.2297172546387,,,,,,,,,,,,,,,,
,3704390683.4295,136.257537841797,9999.8564453125,0.000143004184040679,2.46239352271811E-7,1,9.99253354069792,40.0298881530762,1.99798936184612,17.8900007158518,0.00157176906566696,0.000331326943346254,0.25,4.73153887441442E-6,0.000143615087523245,5.00939782169888E-6,136.265563964844,136.265563964844,9999.8564453125,9999.8564453125,51.5022847606401,17.9779463648912,28.1308441162109,0,0,0,400,135.853057861328,1,4,1,1.97830200195313,55.7184753417969,,,,,,,,,,,,,,,,
,3704390693.406,136.241813659668,9999.8564453125,0.000142929093223414,2.42968188601756E-7,1,9.99253354069792,40.0298881530762,1.99800893549097,17.8900007158518,0.00157021669581794,0.000335360772727949,0.25,5.10932272444327E-6,0.000143539026611487,5.38872970075226E-6,136.24951171875,136.24951171875,9999.8564453125,9999.8564453125,51.4389728505824,17.9798864766941,28.1172962188721,0,0,0,400,135.820877075195,1,4,1,1.9769287109375,52.7859268188477,,,,,,,,,,,,,,,,
,3704390703.408,136.225608825684,9999.84765625,0.000142780988119878,2.40652557553056E-7,1,9.99253354069792,40.0298881530762,1.99798406493206,17.8900007158518,0.00156876531413675,0.00033391100837833,0.25,5.00463089809873E-6,0.000143390504514284,5.28336596667903E-6,136.234115600586,136.234115600586,9999.8388671875,9999.8564453125,51.6414146370632,17.9807343179208,28.1293258666992,0,0,0,400,135.796463012695,1,4,1,1.9769287109375,55.7184753417969,,,,,,,,,,,,,,,,
,3704390724.981,136.193969726562,9999.8564453125,,,2,,,,17.9099997764826,,,,,,,136.193969726562,136.193969726562,9999.8564453125,9999.8564453125,,,28.1293334960938,,,,400,135.761489868164,0,0,0,0.045623779296875,52.2971649169922,,,,,,,,,,,,,,,,
,3704391083.1385,140.26830291748,10000.0307617187,0.000143052542834451,2.41164716565822E-7,1,9.99253354069792,40.0298881530762,1.99806364050861,17.8999993950129,0.00157167735470537,0.000334695422124615,0.25,5.03965054867254E-6,0.000143653774791627,5.30747722684192E-6,140.276901245117,140.276901245117,10000.0234375,10000.0380859375,51.6507941792939,17.9807556510893,28.2972526550293,0,0,0,400,139.756591796875,1,4,1,1.97586059570313,55.7184753417969,,,,,,,,,,,,,,,,
,3704391093.1395,140.251281738281,10000.0336914062,0.000142876909168466,2.40171008714651E-7,1,9.99253354069792,40.0298881530762,1.99803611032313,17.8999993950129,0.00157044920393295,0.000330189699299076,0.25,4.66341205973511E-6,0.000143478081343149,4.92937863893722E-6,140.259704589844,140.259704589844,10000.029296875,10000.0380859375,51.7531875153132,17.9848341133441,28.2798290252686,0,0,0,400,139.725479125977,1,4,1,1.97479248046875,55.2297172546387,,,,,,,,,,,,,,,,
,3704391103.174,140.233360290527,10000.0361328125,0.000143495661473009,2.3306629670579E-7,1,9.99253354069792,40.0298881530762,1.99802986995451,17.8999993950129,0.00157701822343653,0.000332910532870329,0.25,4.80040756459591E-6,0.000144099279414114,5.06807314993509E-6,140.242858886719,140.242858886719,10000.029296875,10000.04296875,51.4827440476593,17.9802523143211,28.2808494567871,0,0,0,400,139.701232910156,1,4,1,1.97830200195313,55.7184753417969,,,,,,,,,,,,,,,,
,3704391214.451,147.231307983398,10000.029296875,,,2,,,,17.9000001659989,,,,,,,147.231307983398,147.231307983398,10000.029296875,10000.029296875,,,28.4619007110596,,,,400,146.941146850586,0,0,0,0.044403076171875,52.2971649169922,,,,,,,,,,,,,,,,
,3704391442.861,144.291160583496,10000.0122070312,0.000142870474594254,2.45351634988545E-7,1,9.99253354069792,40.0298881530762,1.99800313554831,17.8900007158518,0.00156970731022587,0.000333185411354176,0.25,4.94831321929343E-6,0.000143461053068995,5.2048762395683E-6,144.300445556641,144.300445556641,10000.009765625,10000.0146484375,51.6687716352362,17.9865158412761,28.3938407897949,0,0,0,400,143.70182800293,1,4,1,1.97723388671875,55.2297172546387,,,,,,,,,,,,,,,,
,3704391452.9695,144.27214050293,10000.0166015625,0.000143031353575417,2.35476401461447E-7,1,9.99253354069792,40.0298881530762,1.99797786632981,17.8900007158518,0.00157184223894726,0.000331369309402635,0.25,4.75596227628744E-6,0.000143622972824266,5.01203267738726E-6,144.281875610352,144.281875610352,10000.009765625,10000.0234375,51.688312348217,17.9832539744954,28.3939590454102,0,0,0,400,143.664291381836,1,4,1,1.976318359375,55.2297172546387,,,,,,,,,,,,,,,,
,3704391462.937,144.252502441406,10000.021484375,0.00014265974509978,2.47657445106037E-7,1,9.99253354069792,40.0298881530762,1.99812170833702,17.8900007158518,0.00156751261365854,0.000332536276226397,0.25,4.92493970762966E-6,0.000143249578340783,5.18115427342083E-6,144.262405395508,144.262405395508,10000.01953125,10000.0234375,51.3592467416208,17.9905675403551,28.3964710235596,0,0,0,400,143.637298583984,1,4,1,1.9940185546875,55.2297172546387,,,,,,,,,,,,,,,,
,3704391812.653,148.268760681152,10000.044921875,0.000142501907417164,2.47765278866905E-7,1,9.99253354069792,40.0298881530762,1.99787003087525,17.8900007158518,0.00156512236922736,0.000334104187429966,0.25,5.10975080287361E-6,0.000143080188328888,5.356745929089E-6,148.279190063477,148.279190063477,10000.04296875,10000.046875,51.7813261420055,17.9804478387335,28.5256080627441,0,0,0,400,147.606689453125,1,4,1,1.97586059570313,55.7184753417969,,,,,,,,,,,,,,,,
,3704391834.093,148.228149414062,10000.046875,,,2,,,,17.9000001659989,,,,,,,148.228149414062,148.228149414062,10000.046875,10000.046875,,,28.5622425079346,,,,400,147.556503295898,0,0,0,0.0433349609375,52.2971649169922,,,,,,,,,,,,,,,,
touchdown = 9.99000016599894 mm,3704391840.212,148.215362548828,10000.0424804688,0.00014254382837444,2.41086823433655E-7,1,9.99253354069792,40.0298881530762,1.99785895688414,17.8900007158518,0.00156577817309057,0.000333054826186757,0.25,5.00743238416714E-6,0.000143122588640705,5.25419742072404E-6,148.258331298828,148.258331298828,10000.0380859375,10000.046875,51.474927762467,17.9802777428524,28.5449657440186,0,0,0,400,147.517959594727,1,4,1,1.97540283203125,54.2522010803223,,,,,,,,,,,,,,,,
,3704391865.2095,148.168823242187,10000.0356445312,0.000142785990958213,2.3619460654603E-7,1,9.99253354069792,40.0298881530762,1.99787043695514,17.8900007158518,0.00156787462390379,0.000336876602183224,0.25,5.31022021684745E-6,0.000143365393514754,5.55872475749669E-6,148.172393798828,148.172393798828,10000.033203125,10000.0380859375,51.5593436425439,17.981912325454,28.5295543670654,0,0,0,400,147.512466430664,1,4,1,1.97662353515625,54.2522010803223,,,,,,,,,,,,,,,,
,3704392212.276,152.267890930176,9999.99853515625,0.00014243720698842,2.24825870080817E-7,1,9.99253354069792,40.0298881530762,1.99787221634763,17.8900007158518,0.00156555522250499,0.000326757731498088,0.25,4.46729519174333E-6,0.000143005119507271,4.70261810858315E-6,152.278274536133,152.278274536133,9999.99609375,10000.0009765625,51.5609068995824,17.978004977375,28.6791858673096,0,0,0,400,151.633178710938,1,4,1,1.97769165039062,60.6060638427734,,,,,,,,,,,,,,,,
,3704392222.283,152.246658325195,9999.99169921875,0.00014212399523919,2.29958429374834E-7,1,9.99253354069792,40.0298881530762,1.99783676706948,17.8900007158518,0.00156296938772588,0.000321025932130114,0.25,4.00430869640385E-6,0.000142691410669835,4.23733101199992E-6,152.257507324219,152.257507324219,9999.9873046875,9999.99609375,51.4499156498516,17.9754145385202,28.6606140136719,0,0,0,400,151.603103637695,1,4,1,1.99676513671875,55.2297172546387,,,,,,,,,,,,,,,,
,3704392232.2745,152.224990844727,9999.99853515625,0.000141942940073867,2.14412655839807E-7,1,9.99253354069792,40.0298881530762,1.99788923433316,17.8900007158518,0.00156063322673188,0.000322808189672864,0.25,4.19668520599645E-6,0.00014250939280657,4.43025389709364E-6,152.235809326172,152.235809326172,9999.9873046875,10000.009765625,51.6421962655824,17.977338032798,28.6606979370117,0,0,0,400,151.580047607422,1,4,1,1.976318359375,55.7184753417969,,,,,,,,,,,,,,,,
,3704392353.6,159.085952758789,10000.005859375,,,2,,,,17.9000001659989,,,,,,,159.085952758789,159.085952758789,10000.005859375,10000.005859375,,,28.792552947998,,,,400,154.77717590332,0,0,0,0.03997802734375,52.2971649169922,,,,,,,,,,,,,,,,
,3704392582.0475,156.225364685059,10000.0053710938,0.000142009280471031,2.36266455106554E-7,1,9.99253354069792,40.0298881530762,1.99805838432276,17.8900007158518,0.00155993891191941,0.000331032726156526,0.25,4.93702341895082E-6,0.000142563321721637,5.16536632186866E-6,156.235794067383,156.235794067383,10000.0009765625,10000.009765625,51.5655966706978,17.981154978268,28.7769203186035,0,0,0,400,155.688949584961,1,4,1,1.9769287109375,55.2297172546387,,,,,,,,,,,,,,,,
,3704392592.118,156.204544067383,10000.0009765625,0.000141792634277966,2.31838838140033E-7,1,9.99253354069792,40.0298881530762,1.99805852090863,17.8900007158518,0.00155759455118027,0.000330331013675473,0.25,4.91164085549964E-6,0.000142345917766049,5.13960653145154E-6,156.214935302734,156.214935302734,10000.0009765625,10000.0009765625,51.7266121456593,17.9849759123673,28.7923889160156,0,0,0,400,155.658004760742,1,4,1,1.97738647460938,58.6510276794434,,,,,,,,,,,,,,,,
,3704392602.059,156.184211730957,10000.0102539062,0.00014194889764705,2.32630044684584E-7,1,9.99253354069792,40.0298881530762,1.99792698097488,17.8900007158518,0.00155930028601693,0.00033018624108013,0.25,4.87283409262981E-6,0.000142502915774012,5.10091694529909E-6,156.194152832031,156.194152832031,10000.0009765625,10000.01953125,51.5687231847747,17.9792672573548,28.794454574585,0,0,0,400,155.63313293457,1,4,1,1.97647094726562,55.7184753417969,,,,,,,,,,,,,,,,
,3704392951.764,160.251708984375,10000.0263671875,0.000141667796598324,2.36699372693087E-7,1,9.99253354069792,40.0298881530762,1.99806063633634,17.8900007158518,0.00155700418842023,0.000324832923167923,0.25,4.44600711071092E-6,0.000142209136294069,4.66417064701828E-6,160.262451171875,160.262451171875,10000.0146484375,10000.0380859375,51.5546538714285,17.9844099294112,28.9114170074463,0,0,0,400,159.812438964844,1,4,1,1.9927978515625,55.7184753417969,,,,,,,,,,,,,,,,
,3704392973.342,160.205673217773,10000.0234375,,,2,,,,17.9000001659989,,,,,,,160.205673217773,160.205673217773,10000.0234375,10000.0234375,,,28.9086380004883,,,,400,159.759017944336,0,0,0,0.042266845703125,52.2971649169922,,,,,,,,,,,,,,,,
touchdown = 9.99000016599894 mm,3704392979.344,160.194412231445,10000.0170898438,0.000141822537700125,2.25120737872961E-7,1,9.99253354069792,40.0298881530762,1.99803030482361,17.8900007158518,0.00155765406603443,0.000331034140339496,0.25,4.9801679677021E-6,0.000142363892414858,5.200723070501E-6,160.240966796875,160.240966796875,10000.0146484375,10000.01953125,51.5007215036016,17.9840776949822,28.8945770263672,0,0,0,400,159.717819213867,1,4,1,1.99249267578125,53.7634429931641,,,,,,,,,,,,,,,,
,3704393004.3785,160.143768310547,10000.01953125,0.000141704654336391,2.28160399038378E-7,1,9.99253354069792,40.0298881530762,1.99803690465089,17.8900007158518,0.00155656781228553,0.000329613799503513,0.25,4.87219090053263E-6,0.000142245860669339,5.09225572479862E-6,160.147857666016,160.147857666016,10000.01953125,10000.01953125,51.6281269522362,17.9848932090898,28.9119873046875,0,0,0,400,159.71240234375,1,4,1,2.001953125,54.2522010803223,,,,,,,,,,,,,,,,
,3704393351.5085,164.243064880371,10000.0102539062,0.00014166087097925,2.37112934701748E-7,1,9.99253354069792,40.0298881530762,1.9980848774137,17.8900007158518,0.00155663753699244,0.000325774396754083,0.25,4.54137188636001E-6,0.000142189676002403,4.75272530762066E-6,164.253479003906,164.253479003906,10000.005859375,10000.0146484375,51.4960317324862,17.9884108305325,29.0093517303467,0,0,0,400,163.912750244141,1,4,1,1.9775390625,55.7184753417969,,,,,,,,,,,,,,,,
,3704393361.5015,164.220512390137,10000.0122070312,0.000141556451638243,2.34205064430151E-7,1,9.99253354069792,40.0298881530762,1.99804551431385,17.8900007158518,0.00155552406527367,0.000325174668631059,0.25,4.50598330379807E-6,0.000142084981746917,4.71709905930334E-6,164.232650756836,164.232650756836,10000.009765625,10000.0146484375,51.5859190121978,17.9825757821458,29.0268363952637,0,0,0,400,163.879684448242,1,4,1,1.97677612304687,55.2297172546387,,,,,,,,,,,,,,,,
,3704393371.5275,164.197959899902,10000.0122070312,0.000141428346039013,2.34588325377045E-7,1,9.99253354069792,40.0298881530762,1.9980232127463,17.8900007158518,0.00155469971870691,0.000321474143112654,0.25,4.1939227606344E-6,0.00014195689108057,4.40372306277446E-6,164.208374023438,164.208374023438,10000.009765625,10000.0146484375,51.3209469441785,17.9806053837582,29.0268325805664,0,0,0,400,163.853820800781,1,4,1,1.97677612304687,55.7184753417969,,,,,,,,,,,,,,,,
,3704393493.107,171.084655761719,10000.01953125,,,2,,,,17.9000001659989,,,,,,,171.084655761719,171.084655761719,10000.01953125,10000.01953125,,,29.1284999847412,,,,400,167.280303955078,0,0,0,0.04150390625,52.7859268188477,,,,,,,,,,,,,,,,
,3704393731.1935,168.1787109375,10000.0146484375,0.000141054291304566,2.3544103706738E-7,1,9.99253354069792,40.0298881530762,1.99807990588392,17.8900007158518,0.0015472237372287,0.000339166580464556,0.25,5.86895714788086E-6,0.000141566531173865,6.07777687702955E-6,168.18994140625,168.18994140625,10000.009765625,10000.01953125,51.7828893990439,17.9872854602759,29.1261463165283,0,0,0,400,167.882263183594,1,4,1,1.97601318359375,55.2297172546387,,,,,,,,,,,,,,,,
,3704393741.2215,168.156257629395,10000.01953125,0.00014132691077864,2.4467922684476E-7,1,9.99253354069792,40.0298881530762,1.99809018287513,17.8900007158518,0.0015485940844197,0.000349076219869569,0.25,6.71757980167684E-6,0.00014183910155489,6.92992760769072E-6,168.16748046875,168.16748046875,10000.009765625,10000.029296875,51.5546538714285,17.984030670053,29.1105995178223,0,0,0,400,167.856002807617,1,4,1,1.97708129882813,55.2297172546387,,,,,,,,,,,,,,,,
,3704393751.1665,168.135055541992,10000.0263671875,0.000141760151801005,2.49931920600191E-7,1,9.99253354069792,40.0298881530762,1.99806025031933,17.8900007158518,0.00155249973183046,0.000354802103639167,0.25,7.15992075685131E-6,0.000142273421006665,7.37451050452706E-6,168.145034790039,168.145034790039,10000.0234375,10000.029296875,51.4819624191401,17.9865789279046,29.1293601989746,0,0,0,400,167.837997436523,1,4,1,1.97616577148438,55.2297172546387,,,,,,,,,,,,,,,,
,3704394112.397,172.170562744141,10000.0146484375,,,2,,,,17.9000001659989,,,,,,,172.170562744141,172.170562744141,10000.0146484375,10000.0146484375,,,29.2132358551025,,,,400,171.908630371094,0,0,0,0.042266845703125,52.7859268188477,,,,,,,,,,,,,,,,
,3704394143.4575,172.100547790527,10000.0102539062,0.000135024703295492,2.2342617495814E-7,1,9.99253354069792,40.0298881530762,1.99805404467906,17.8900007158518,0.00148217173625873,0.000317598263959298,0.25,4.98667920577917E-6,0.00013550365534368,5.17827213278545E-6,172.10498046875,172.10498046875,10000.005859375,10000.0146484375,51.3826955971977,17.9749348046509,29.212459564209,0,0,0,400,171.845443725586,1,4,1,1.993408203125,54.2522010803223,,,,,,,,,,,,,,,,
,3704394150.8815,172.087951660156,10000.0190429688,0.000135273357291992,2.39758597332107E-7,1,9.99253354069792,40.0298881530762,1.99808033038911,17.8900007158518,0.00148428221794411,0.00032181307313381,0.25,5.32400857004469E-6,0.00013575280909084,5.5171526447954E-6,172.096115112305,172.096115112305,10000.0146484375,10000.0234375,51.302187859717,17.9763829372075,29.2286949157715,0,0,0,400,171.839462280273,1,4,1,1.97586059570313,54.7409591674805,,,,,,,,,,,,,,,,
,3704394160.8665,172.072570800781,10000.0166015625,0.000135194984997051,2.39246972404997E-7,1,9.99253354069792,40.0298881530762,1.99801180616165,17.8900007158518,0.00148303541411427,0.000323543387907096,0.25,5.49532494718524E-6,0.000135673983221389,5.68900703615879E-6,172.079788208008,172.079788208008,10000.009765625,10000.0234375,51.464766591717,17.977626100565,29.2281665802002,0,0,0,400,171.836181640625,1,4,1,1.9769287109375,55.2297172546387,,,,,,,,,,,,,,,,
,3704394520.727,176.175964355469,10000.0190429688,0.000135195264600559,2.39112207409323E-7,1,9.99253354069792,40.0298881530762,1.99792701260257,17.8900007158518,0.00148460056787731,0.000313465273565893,0.25,4.59238261704016E-6,0.000135662281120599,4.77696329090572E-6,176.187515258789,176.187515258789,10000.0146484375,10000.0234375,51.4397544791016,17.9794251055235,29.3311786651611,0,0,0,400,175.903442382813,1,4,1,1.976318359375,55.7184753417969,,,,,,,,,,,,,,,,
,3704394530.6405,176.152359008789,10000.0190429688,0.000134828162585364,2.43560174780032E-7,1,9.99253354069792,40.0298881530762,1.99797968802853,17.8900007158518,0.00148043621866757,0.000313594446994235,0.25,4.66789748926735E-6,0.000135293877591918,4.85231726748886E-6,176.164413452148,176.164413452148,10000.0146484375,10000.0234375,51.7422447160439,17.9819089904439,29.3305683135986,0,0,0,400,175.876525878906,1,4,1,1.97601318359375,55.7184753417969,,,,,,,,,,,,,,,,
,3704394540.6305,176.130226135254,10000.0146484375,0.000134760824436602,2.42080833778431E-7,1,9.99253354069792,40.0298881530762,1.99788551280632,17.8900007158518,0.00148002341131931,0.000311195454311236,0.25,4.46380787789597E-6,0.000135226629898438,4.64746043684027E-6,176.14030456543,176.14030456543,10000.0146484375,10000.0146484375,51.322510201217,17.9783161391657,29.3149185180664,0,0,0,400,175.857650756836,1,4,1,1.97784423828125,55.2297172546387,,,,,,,,,,,,,,,,
,3704394661.935,183.133178710938,10000.0146484375,,,2,,,,17.8899996241927,,,,,,,183.133178710938,183.133178710938,10000.0146484375,10000.0146484375,,,29.4648609161377,,,,400,180.195129394531,0,0,0,0.04486083984375,52.7859268188477,,,,,,,,,,,,,,,,
,3704394900.3485,180.177124023438,10000.0078125,0.000133927284864367,2.59618442353434E-7,1,9.99253354069792,40.0298881530762,1.99799195102665,17.8699996322393,0.00147046227739872,0.000311173714966137,0.25,4.61471699175335E-6,0.000134376857288544,4.79245555975362E-6,180.189193725586,180.189193725586,10000.0009765625,10000.0146484375,51.3920751394285,17.9789393770289,29.4490432739258,0,0,0,400,179.890960693359,1,4,1,1.99447631835938,55.2297172546387,,,,,,,,,,,,,,,,
,3704394910.291,180.153244018555,10000.0034179688,0.00013401486469176,2.63203720662166E-7,1,9.99253354069792,40.0298881530762,1.99796380503142,17.8699996322393,0.00147036124041443,0.000317308033453443,0.25,5.15497094492352E-6,0.000134464159263841,5.33468288083667E-6,180.165054321289,180.165054321289,10000.0009765625,10000.005859375,51.3920751394285,17.9784788982334,29.4485378265381,0,0,0,400,179.862564086914,1,4,1,1.9927978515625,55.2297172546387,,,,,,,,,,,,,,,,
,3704394920.3555,180.129707336426,10000.0078125,0.000134646158713141,2.57604956133099E-7,1,9.99253354069792,40.0298881530762,1.99804233196273,17.8699996322393,0.00147580913199057,0.00032753918866163,0.25,5.96899083004523E-6,0.000135096691267349,6.15226522450039E-6,180.14143371582,180.14143371582,10000.005859375,10000.009765625,51.7141060893516,17.9803789294397,29.4486598968506,0,0,0,400,179.845062255859,1,4,1,1.97799682617187,55.7184753417969,,,,,,,,,,,,,,,,
,3704395281.509,184.16520690918,10000.005859375,,,2,,,,17.9000001659989,,,,,,,184.16520690918,184.16520690918,10000.005859375,10000.005859375,,,29.5327167510986,,,,400,183.880630493164,0,0,0,0.0341796875,52.2971649169922,,,,,,,,,,,,,,,,
,3704395312.5405,184.092193603516,10000.0078125,0.000134639975854506,2.33815725453228E-7,1,9.99253354069792,40.0298881530762,1.99784255981908,17.8900007158518,0.00147812363955903,0.000312300006447833,0.25,4.60055805334543E-6,0.000135078957427795,4.77414305160902E-6,184.096893310547,184.096893310547,10000.005859375,10000.009765625,51.6672083781978,17.9769456962499,29.5503063201904,0,0,0,400,183.825225830078,1,4,1,1.97738647460938,54.2522010803223,,,,,,,,,,,,,,,,
,3704395320.037,184.078979492187,10000.005859375,0.00013473968259916,2.40855950814954E-7,1,9.99253354069792,40.0298881530762,1.99779211154298,17.8900007158518,0.00147948247862682,0.000310822312074685,0.25,4.44988411036233E-6,0.000135179214968014,4.62310538477568E-6,184.087493896484,184.087493896484,10000.005859375,10000.005859375,51.5007215036016,17.9792105457781,29.5499649047852,0,0,0,400,183.82373046875,1,4,1,1.97784423828125,54.7409591674805,,,,,,,,,,,,,,,,
,3704395330.074,184.063537597656,10000.0078125,0.000134149173847342,2.40127953607399E-7,1,9.99253354069792,40.0298881530762,1.99784228316669,17.8900007158518,0.00147248599281141,0.000312585254952821,0.25,4.71264043196188E-6,0.00013458649948905,4.88605333337732E-6,184.070465087891,184.070465087891,10000.005859375,10000.009765625,51.6062413536978,17.9813405007137,29.5168495178223,0,0,0,400,183.824081420898,1,4,1,1.97769165039062,54.7409591674805,,,,,,,,,,,,,,,,
,3704395689.7435,188.173294067383,10000.0146484375,0.000133635623375958,2.59700207318307E-7,1,9.99253354069792,40.0298881530762,1.99776221993439,17.8900007158518,0.00146695246050839,0.000309578148335008,0.25,4.53904254746925E-6,0.000134057628554166,4.70637261328315E-6,188.185317993164,188.185317993164,10000.0146484375,10000.0146484375,51.4968133610055,17.9772997479152,29.6174068450928,0,0,0,400,187.871520996094,1,4,1,1.97830200195313,55.7184753417969,,,,,,,,,,,,,,,,
,3704395699.822,188.14794921875,10000.0102539062,0.000133873644432153,2.91513313099573E-7,1,9.99253354069792,40.0298881530762,1.99794520238319,17.8900007158518,0.00146989119856909,0.000309035317227962,0.25,4.44556285540757E-6,0.000134296603617911,4.61289572730139E-6,188.161270141602,188.161270141602,10000.005859375,10000.0146484375,51.8477645661401,17.9760373240528,29.6519355773926,0,0,0,400,187.847778320313,1,4,1,1.99310302734375,55.7184753417969,,,,,,,,,,,,,,,,
,3704395709.784,188.123908996582,10000.005859375,0.000134131538138609,2.99164065108306E-7,1,9.99253354069792,40.0298881530762,1.99797530535624,17.8900007158518,0.0014734709618638,0.000305504640059638,0.25,4.08009803405607E-6,0.000134555821911266,4.24658510651483E-6,188.134628295898,188.134628295898,10000.005859375,10000.005859375,51.6703348922747,17.9781993647714,29.6185932159424,0,0,0,400,187.830581665039,1,4,1,1.97677612304687,55.7184753417969,,,,,,,,,,,,,,,,
,3704395831.255,195.091278076172,10000.005859375,,,2,,,,17.8800000137091,,,,,,,195.091278076172,195.091278076172,10000.005859375,10000.005859375,,,29.7375907897949,,,,400,192.228927612305,0,0,0,0.043487548828125,52.7859268188477,,,,,,,,,,,,,,,,
,3704396069.565,192.16780090332,10000.0029296875,0.000133899824365187,2.86458713180197E-7,1,9.99253354069792,40.0298881530762,1.99788621926847,17.8699996322393,0.00146937431179877,0.000312537740339334,0.25,4.76585619132771E-6,0.000134308719667563,4.92965499564977E-6,192.180816650391,192.180816650391,9999.9912109375,10000.0146484375,51.2810838896977,17.9805272002267,29.7372074127197,0,0,0,400,191.873336791992,1,4,1,1.97906494140625,55.2297172546387,,,,,,,,,,,,,,,,
,3704396079.5585,192.142280578613,9999.99365234375,0.000133739803345894,2.92138778662925E-7,1,9.99253354069792,40.0298881530762,1.99787922597633,17.8699996322393,0.00146787492490019,0.000310681146549421,0.25,4.62590678256616E-6,0.000134148447551257,4.7891228308849E-6,192.15478515625,192.15478515625,9999.9912109375,9999.99609375,51.6437595226208,17.9775389925248,29.7369499206543,0,0,0,400,191.849456787109,1,4,1,1.978759765625,55.2297172546387,,,,,,,,,,,,,,,,
,3704396089.492,192.119010925293,9999.99365234375,0.000133687823288108,2.85429929930402E-7,1,9.99253354069792,40.0298881530762,1.99788166900736,17.8699996322393,0.00146775354279435,0.000308020538572909,0.25,4.39403451201905E-6,0.000134096645172955,4.55650092271697E-6,192.129776000977,192.129776000977,9999.9912109375,9999.99609375,51.7860159131209,17.9756059555343,29.7205753326416,0,0,0,400,191.833541870117,1,4,1,1.97799682617187,55.2297172546387,,,,,,,,,,,,,,,,
,3704396450.703,196.147003173828,10000.005859375,,,2,,,,17.8800000137091,,,,,,,196.147003173828,196.147003173828,10000.005859375,10000.005859375,,,29.8399143218994,,,,400,195.88117980957,0,0,0,0.037994384765625,52.2971649169922,,,,,,,,,,,,,,,,
,3704396481.69,196.07625579834,10000.0078125,0.000133907784015315,2.49374056025381E-7,1,9.99253354069792,40.0298881530762,1.99786415702827,17.8699996322393,0.00147214295238928,0.00029632986959999,0.25,3.30346869553311E-6,0.000134304681155981,3.45865182982254E-6,196.080795288086,196.080795288086,10000.005859375,10000.009765625,51.30922251639,17.9701135350095,29.8227558135986,0,0,0,400,195.830749511719,1,4,1,1.99554443359375,54.2522010803223,,,,,,,,,,,,,,,,
,3704396489.168,196.064613342285,10000.0078125,0.000133527894574609,2.44705761151065E-7,1,9.99253354069792,40.0298881530762,1.99785389010421,17.8699996322393,0.00146554545277707,0.000309225553820144,0.25,4.53827144757262E-6,0.000133922356419836,4.69674759461812E-6,196.071716308594,196.071716308594,10000.005859375,10000.009765625,51.5124459313901,17.9698927552094,29.8056125640869,0,0,0,400,195.827102661133,1,4,1,1.9781494140625,54.7409591674805,,,,,,,,,,,,,,,,
,3704396499.166,196.050170898438,10000.0004882813,0.000133921431761533,2.31163190206492E-7,1,9.99253354069792,40.0298881530762,1.99780604054533,17.8699996322393,0.0014702445976336,0.000307781605084055,0.25,4.33894332312682E-6,0.000134317337697614,4.49726552138418E-6,196.057510375977,196.057510375977,9999.9912109375,10000.009765625,51.4577319350439,17.968664760197,29.8055992126465,0,0,0,400,195.825897216797,1,4,1,1.9793701171875,54.7409591674805,,,,,,,,,,,,,,,,
,3704396868.907,200.116539001465,10000.0078125,0.000133312553745658,2.2349831866868E-7,1,9.99253354069792,40.0298881530762,1.9978154489287,17.8699996322393,0.00146369636583264,0.000304720802610833,0.25,4.17523929012457E-6,0.000133692500757313,4.32826837448876E-6,200.126892089844,200.126892089844,10000.005859375,10000.009765625,51.6414146370632,17.9721893889481,29.9080715179443,0,0,0,400,199.862350463867,1,4,1,1.97891235351562,55.2297172546387,,,,,,,,,,,,,,,,
,3704396878.8625,200.095550537109,10000.0009765625,0.000133438944697695,2.20165781223108E-7,1,9.99253354069792,40.0298881530762,1.99779660772323,17.8699996322393,0.00146526291786076,0.000303919298372643,0.25,4.08064378610232E-6,0.000133819430641066,4.2335546572194E-6,200.106185913086,200.106185913086,9999.99609375,10000.005859375,51.5312050158516,17.9703572995505,29.9080657958984,0,0,0,400,199.848724365234,1,4,1,1.9781494140625,55.2297172546387,,,,,,,,,,,,,,,,
,3704396888.859,200.075416564941,10000.0009765625,0.000133194427369815,2.16189760624554E-7,1,9.99253354069792,40.0298881530762,1.99774886841032,17.8699996322393,0.0014627514446294,0.000302183779668397,0.25,3.96699813083377E-6,0.000133574399725128,4.11934255565289E-6,200.084915161133,200.084915161133,9999.99609375,10000.005859375,51.5382396725247,17.9700699505146,29.9080505371094,0,0,0,400,199.841293334961,1,4,1,1.97921752929687,55.7184753417969,,,,,,,,,,,,,,,,
,3704397010.33,207.110198974609,9999.99609375,,,2,,,,17.8700004032254,,,,,,,207.110198974609,207.110198974609,9999.99609375,9999.99609375,,,30.0182952880859,,,,400,205.8603515625,0,0,0,0.04638671875,52.7859268188477,,,,,,,,,,,,,,,,
,3704397258.5965,204.113945007324,10000.0004882813,0.000132798759660814,2.34502784230624E-7,1,9.99253354069792,40.0298881530762,1.99776835982301,17.8699996322393,0.00145733993081791,0.000306507066646997,0.25,4.43430830651725E-6,0.000133162751819835,4.58363670989316E-6,204.125823974609,204.125823974609,9999.9912109375,10000.009765625,51.6625186070824,17.9695993033624,30.0070819854736,0,0,0,400,203.895462036133,1,4,1,1.97662353515625,55.2297172546387,,,,,,,,,,,,,,,,
,3704397268.6705,204.091850280762,9999.9892578125,0.000133063731404139,2.39161893341626E-7,1,9.99253354069792,40.0298881530762,1.99778140556668,17.8599990904331,0.0014602253307366,0.000307304760676876,0.25,4.45980939614298E-6,0.000133428511780893,4.60950313762189E-6,204.102066040039,204.102066040039,9999.9873046875,9999.9912109375,51.6656451211593,17.9719274252382,29.9936828613281,0,0,0,400,203.879119873047,1,4,1,1.97586059570313,55.2297172546387,,,,,,,,,,,,,,,,
,3704397278.6995,204.072731018066,9999.9873046875,0.000132846770046151,2.26154399809244E-7,1,9.99253354069792,40.0298881530762,1.99782746587692,17.8599990904331,0.00145818468685307,0.00030505982912179,0.25,4.29392740398579E-6,0.000133211187699841,4.44295497642308E-6,204.081634521484,204.081634521484,9999.9873046875,9999.9873046875,51.4936868469285,17.972287854938,29.9936943054199,0,0,0,400,203.868621826172,1,4,1,1.97845458984375,55.7184753417969,,,,,,,,,,,,,,,,
,3704397629.949,208.123550415039,10000.0146484375,,,2,,,,17.8899996241927,,,,,,,208.123550415039,208.123550415039,10000.0146484375,10000.0146484375,,,30.0631484985352,,,,400,207.968490600586,0,0,0,0.032196044921875,52.2971649169922,,,,,,,,,,,,,,,,
,3704397660.995,208.061134338379,10000.0190429688,0.000133408254037931,2.28165588009576E-7,1,9.99253354069792,40.0298881530762,1.99786828546066,17.8699996322393,0.00146498283582851,0.00030197070148148,0.25,3.92110623090757E-6,0.000133760196323292,4.06598644160809E-6,208.065200805664,208.065200805664,10000.0146484375,10000.0234375,51.4803991621016,17.9725838088752,30.0631484985352,0,0,0,400,207.891754150391,1,4,1,1.97525024414062,54.2522010803223,,,,,,,,,,,,,,,,
,3704397668.292,208.048782348633,10000.0190429688,0.000132883317769276,2.40018139797629E-7,1,9.99253354069792,40.0298881530762,1.99787138167762,17.8800001740456,0.00145943194939327,0.000299582462184992,0.25,3.79690138672073E-6,0.000133234029573547,3.94093244996961E-6,208.057067871094,208.057067871094,10000.0146484375,10000.0234375,51.1560233266208,17.9729683278468,30.0631484985352,0,0,0,400,207.883529663086,1,4,1,1.9781494140625,54.7409591674805,,,,,,,,,,,,,,,,
,3704397678.3545,208.033805847168,10000.0166015625,0.000133248463383078,2.39223778239367E-7,1,9.99253354069792,40.0298881530762,1.99777047586256,17.8699996322393,0.00146220200487606,0.000307055440637199,0.25,4.41107719881424E-6,0.000133599584875782,4.55712860645478E-6,208.040496826172,208.040496826172,10000.009765625,10000.0234375,51.6382881229862,17.9741299751382,30.0631484985352,0,0,0,400,207.88005065918,1,4,1,1.97738647460938,54.7409591674805,,,,,,,,,,,,,,,,
,3704398047.9905,212.064392089844,10000.009765625,0.000132302090967035,2.12095269952995E-7,1,9.99253354069792,40.0298881530762,1.99774013711665,17.8699996322393,0.00145187725659124,0.000303464270848779,0.25,4.25849147602161E-6,0.000132636235610554,4.39959343485174E-6,212.073745727539,212.073745727539,10000.009765625,10000.009765625,51.4108342238901,17.9702176655637,30.108003616333,0,0,0,400,211.924240112305,1,4,1,1.9769287109375,55.7184753417969,,,,,,,,,,,,,,,,
,3704398058.048,212.046699523926,10000.0078125,0.000132779467428697,2.20586936724125E-7,1,9.99253354069792,40.0298881530762,1.99777190124117,17.8699996322393,0.00145951191288835,0.000291052491631318,0.25,3.04959087574399E-6,0.000133116087478831,3.18808603967045E-6,212.055038452148,212.055038452148,10000.005859375,10000.009765625,51.27873900414,17.9742227454336,30.1304302215576,0,0,0,400,211.909881591797,1,4,1,1.99722290039062,55.7184753417969,,,,,,,,,,,,,,,,
,3704398068.01,212.031028747559,10000.0078125,0.000132428476886397,2.26265711993234E-7,1,9.99253354069792,40.0298881530762,1.99777621891089,17.8699996322393,0.00145366145849981,0.000301647505801621,0.25,4.07115697793533E-6,0.000132763250808711,4.21193321449427E-6,212.038360595703,212.038360595703,10000.005859375,10000.009765625,51.7008184045247,17.9711364173087,30.1304302215576,0,0,0,400,211.905548095703,1,4,1,1.99722290039062,55.2297172546387,,,,,,,,,,,,,,,,
,3704398189.332,219.049758911133,10000.005859375,,,2,,,,17.8700004032254,,,,,,,219.049758911133,219.049758911133,10000.005859375,10000.005859375,,,30.1977100372314,,,,400,219.300369262695,0,0,0,0.044403076171875,52.2971649169922,,,,,,,,,,,,,,,,
,3704398437.7235,216.073364257813,10000.0053710938,0.000133237614459926,2.2964204118609E-7,1,9.99253354069792,40.0298881530762,1.99771259144006,17.8599990904331,0.00146332019605107,0.000297842341538659,0.25,3.59106875825242E-6,0.000133560008695476,3.72800925659937E-6,216.083251953125,216.083251953125,10000.0009765625,10000.009765625,51.5061929032362,17.970242072193,30.1640701293945,0,0,0,400,215.960876464844,1,4,1,1.98013305664062,55.2297172546387,,,,,,,,,,,,,,,,
,3704398447.665,216.054458618164,10000.0078125,0.000133690780972606,2.16622184921796E-7,1,9.99253354069792,40.0298881530762,1.99774614628001,17.8599990904331,0.00146788569553475,0.000301341298152892,0.25,3.82809626879256E-6,0.000134014125840976,3.96606811148199E-6,216.0634765625,216.0634765625,10000.0009765625,10000.0146484375,51.5382396725247,17.9721008947871,30.1864967346191,0,0,0,400,215.946258544922,1,4,1,1.976318359375,55.2297172546387,,,,,,,,,,,,,,,,
,3704398457.679,216.038383483887,10000.0122070312,0.000133739841108748,2.16833388881652E-7,1,9.99253354069792,40.0298881530762,1.99775220939459,17.8599990904331,0.00146867677557466,0.000300043466450305,0.25,3.70176971377729E-6,0.000134063487358246,3.83949310100324E-6,216.045440673828,216.045440673828,10000.009765625,10000.0146484375,51.7172326034286,17.972659116558,30.1752834320068,0,0,0,400,215.940185546875,1,4,1,1.97601318359375,55.7184753417969,,,,,,,,,,,,,,,,
,3704398808.976,220.113143920898,10000.009765625,,,2,,,,17.8800000137091,,,,,,,220.113143920898,220.113143920898,10000.009765625,10000.009765625,,,30.2313499450684,,,,400,220.042510986328,0,0,0,0.040130615234375,52.7859268188477,,,,,,,,,,,,,,,,
,3704398840.0295,220.044395446777,10000.0078125,0.000133260233173324,2.09964466058241E-7,1,9.99253354069792,40.0298881530762,1.99774781388958,17.8699996322393,0.00146338933706333,0.000298101570466963,0.25,3.61592541525753E-6,0.000133567856370161,3.74973043157934E-6,220.049118041992,220.049118041992,10000.005859375,10000.009765625,51.220898493717,17.9690014786371,30.2201366424561,0,0,0,400,219.957534790039,1,4,1,1.97830200195313,54.2522010803223,,,,,,,,,,,,,,,,
,3704398847.5035,220.031021118164,10000.009765625,0.000133053416500226,2.14897382184336E-7,1,9.99253354069792,40.0298881530762,1.99772902818241,17.8699996322393,0.00146085652582051,0.000299055309371337,0.25,3.7389016195575E-6,0.000133360491294929,3.87280976042531E-6,220.039672851562,220.039672851562,10000.009765625,10000.009765625,51.3584651131016,17.9709751725008,30.2313499450684,0,0,0,400,219.958267211914,1,4,1,1.97830200195313,54.2522010803223,,,,,,,,,,,,,,,,
,3704398857.5645,220.015075683594,10000.0146484375,0.000133392099598232,2.06128413553522E-7,1,9.99253354069792,40.0298881530762,1.99773142654739,17.8699996322393,0.00146467887199436,0.000299239237956684,0.25,3.69604374033128E-6,0.000133700065074145,3.830183206014E-6,220.022369384766,220.022369384766,10000.009765625,10000.01953125,51.4788359050631,17.9721623569077,30.2425632476807,0,0,0,400,219.964874267578,1,4,1,1.99554443359375,54.7409591674805,,,,,,,,,,,,,,,,
,3704399217.205,223.907325744629,10000.005859375,0.000132777828844621,2.1799039993216E-7,1,9.99253354069792,40.0298881530762,1.99774834117952,17.8699996322393,0.00145849015111554,0.000293820574314886,0.25,3.31813901848594E-6,0.000133070128553053,3.4478204351624E-6,223.907165527344,223.907165527344,10000.005859375,10000.005859375,51.5734129558901,17.9684053194168,30.2986316680908,0,0,0,400,224.006912231445,1,4,1,1.97738647460938,55.7184753417969,,,,,,,,,,,,,,,,
,3704399227.162,223.908126831055,10000.0009765625,0.000132571840456668,2.09852701848665E-7,1,9.99253354069792,40.0298881530762,1.99777098634239,17.8699996322393,0.00145588356815759,0.000295415718105072,0.25,3.49860090351062E-6,0.000132863512725911,3.62849340333258E-6,223.907485961914,223.907485961914,9999.99609375,10000.005859375,51.6124943818516,17.9685127802194,30.2874164581299,0,0,0,400,224.011825561523,1,4,1,1.97860717773438,55.7184753417969,,,,,,,,,,,,,,,,
,3704399237.197,223.910209655762,10000.0029296875,0.000132471178181766,2.1140746145034E-7,1,9.99253354069792,40.0298881530762,1.9977037157025,17.8699996322393,0.00145492516856529,0.000294078963749861,0.25,3.39597062867433E-6,0.000132762713249032,3.52554054077079E-6,223.908767700195,223.908767700195,9999.99609375,10000.009765625,51.4233402801977,17.96870358707,30.3098449707031,0,0,0,400,224.014923095703,1,4,1,1.97769165039062,55.7184753417969,,,,,,,,,,,,,,,,
,3704399358.579,230.986877441406,10000.005859375,,,2,,,,17.8700004032254,,,,,,,230.986877441406,230.986877441406,10000.005859375,10000.005859375,,,30.34348487854,,,,400,232.774322509766,0,0,0,0.045013427734375,52.2971649169922,,,,,,,,,,,,,,,,
,3704399596.8785,227.867668151855,10000.01953125,0.000132350116656772,2.10225691526134E-7,1,9.99253354069792,40.0298881530762,1.99773377761743,17.8599990904331,0.00145445213351928,0.000288090370070999,0.25,2.87952015860948E-6,0.000132626947695287,3.00494764472102E-6,227.867401123047,227.867401123047,10000.01953125,10000.01953125,51.4475707642939,17.9684473289839,30.3546981811523,0,0,0,400,227.993362426758,1,4,1,1.97738647460938,55.7184753417969,,,,,,,,,,,,,,,,
,3704399606.8705,227.869728088379,10000.0146484375,0.000132420869146053,2.21525311507065E-7,1,9.99253354069792,40.0298881530762,1.99776564151213,17.8599990904331,0.00145495493522602,0.000289938646541213,0.25,3.03424784821029E-6,0.000132697702242129,3.16006432595361E-6,227.867935180664,227.867935180664,10000.009765625,10000.01953125,51.6250004381593,17.9684169280385,30.34348487854,0,0,0,400,227.999557495117,1,4,1,1.9757080078125,52.2971649169922,,,,,,,,,,,,,,,,
,3704399616.9005,227.87336730957,10000.009765625,0.000132387708477637,2.06909170997043E-7,1,9.99253354069792,40.0298881530762,1.99777837526012,17.8599990904331,0.00145436791697153,0.000291185389568635,0.25,3.15292909941257E-6,0.000132664350780854,3.27896360459986E-6,227.871520996094,227.871520996094,10000.009765625,10000.009765625,51.7398998304862,17.9691107786352,30.34348487854,0,0,0,400,228.003372192383,1,4,1,1.97586059570313,55.7184753417969,,,,,,,,,,,,,,,,
,3704399916.6785,231.810386657715,10000.021484375,0.000132349626967847,2.18912112758556E-7,1,9.99253354069792,40.0298881530762,1.9978164513667,17.8599990904331,0.00145363729724393,0.000292069870370936,0.25,3.24471719551715E-6,0.000132611170061642,3.36810286751582E-6,231.804916381836,231.804916381836,10000.01953125,10000.0234375,51.5585620140247,17.9687763876548,30.4107646942139,0,0,0,400,231.996444702148,1,4,1,1.97860717773438,55.7184753417969,,,,,,,,,,,,,,,,
,3704399926.612,231.819061279297,10000.0244140625,0.000132191585341741,2.0342269288503E-7,1,9.99253354069792,40.0298881530762,1.99774075679055,17.8599990904331,0.00145133880598837,0.000294616203910444,0.25,3.50427196396438E-6,0.000132452550462471,3.62803043805386E-6,231.815856933594,231.815856933594,10000.01953125,10000.029296875,51.6914388622939,17.9673688349998,30.4219779968262,0,0,0,400,231.982940673828,1,4,1,1.97540283203125,55.7184753417969,,,,,,,,,,,,,,,,
,3704399936.6185,231.824256896973,10000.01953125,0.000132482311933333,2.04256526317769E-7,1,9.99253354069792,40.0298881530762,1.99775778047923,17.8599990904331,0.00145475333977305,0.000294064068988779,0.25,3.4029726578742E-6,0.000132743927474262,3.52678189575205E-6,231.822265625,231.822265625,10000.009765625,10000.029296875,51.8446380520632,17.9684864511426,30.4107646942139,0,0,0,400,231.976638793945,1,4,1,1.97616577148438,55.2297172546387,,,,,,,,,,,,,,,,
,3704399978.197,232.175384521484,10000.0146484375,,,2,,,,17.8800000137091,,,,,,,232.175384521484,232.175384521484,10000.0146484375,10000.0146484375,,,30.4219779968262,,,,400,238.599349975586,0,0,0,0.0408935546875,52.7859268188477,,,,,,,,,,,,,,,,
,3704400246.419,235.779052734375,10000.021484375,0.000132173322639008,2.06169770002281E-7,1,9.99253354069792,40.0298881530762,1.99790018330972,17.8699996322393,0.00145203379518171,0.000289146085541038,0.25,3.01490792921487E-6,0.000132419574661519,3.1349712934725E-6,235.773376464844,235.773376464844,10000.01953125,10000.0234375,51.7524058867939,17.9707613986104,30.4780445098877,0,0,0,400,235.987762451172,1,4,1,1.97647094726562,55.7184753417969,,,,,,,,,,,,,,,,
,3704400256.3755,235.789115905762,10000.0190429688,0.000132334873513319,2.0716394912646E-7,1,9.99253354069792,40.0298881530762,1.99787705307682,17.8699996322393,0.00145358148801587,0.000290696473236834,0.25,3.12741617389162E-6,0.000132581293783069,3.24782439313371E-6,235.784729003906,235.784729003906,10000.0146484375,10000.0234375,51.6085862392555,17.9691705459599,30.4668312072754,0,0,0,400,235.981338500977,1,4,1,1.97799682617187,55.2297172546387,,,,,,,,,,,,,,,,
,3704400266.411,235.797271728516,10000.0146484375,0.000132331430889683,2.10866033389065E-7,1,9.99253354069792,40.0298881530762,1.99786998677236,17.8699996322393,0.00145365975987724,0.000289996731454023,0.25,3.06467904352216E-6,0.000132577867717691,3.18496068950136E-6,235.793502807617,235.793502807617,10000.0146484375,10000.0146484375,51.5476192147555,17.9708949300539,30.4780445098877,0,0,0,400,235.980331420898,1,4,1,1.97784423828125,55.7184753417969,,,,,,,,,,,,,,,,
,3704400398.017,242.955535888672,10000.0234375,,,2,,,,17.8599998614192,,,,,,,242.955535888672,242.955535888672,10000.0234375,10000.0234375,,,30.5341129302978,,,,400,242.193161010742,0,0,0,0.042572021484375,52.7859268188477,,,,,,,,,,,,,,,,
,3704400576.227,239.748840332031,10000.0122070312,0.000131850570928105,2.27016292694763E-7,1,9.99253354069792,40.0298881530762,1.99784896900661,17.8399998694658,0.00144816777756915,0.000289074097771149,0.25,3.07093698324219E-6,0.000132080965373344,3.1882052313461E-6,239.741638183594,239.741638183594,10000.009765625,10000.0146484375,51.3459590567939,17.9709646470782,30.5453262329102,0,0,0,400,239.984100341797,1,4,1,1.99264526367187,55.2297172546387,,,,,,,,,,,,,,,,
,3704400586.253,239.762725830078,10000.0122070312,0.000132136943405513,2.21859940460981E-7,1,9.99253354069792,40.0298881530762,1.99782140823866,17.8399998694658,0.00145134026211504,0.000289431727113968,0.25,3.05346664283263E-6,0.000132367805289347,3.1709379003401E-6,239.756042480469,239.756042480469,10000.009765625,10000.0146484375,51.7172326034286,17.9711760999933,30.5341129302978,0,0,0,400,239.981475830078,1,4,1,1.97616577148438,55.2297172546387,,,,,,,,,,,,,,,,
,3704400596.2215,239.774444580078,10000.0170898438,0.00013170997817284,2.19425497059498E-7,1,9.99253354069792,40.0298881530762,1.99780366230374,17.8399998694658,0.00144684295101029,0.000287325908095158,0.25,2.93769077843891E-6,0.000131940138955234,3.05458778374381E-6,239.769409179687,239.769409179687,10000.0146484375,10000.01953125,51.5874822692362,17.9695404939885,30.5453262329102,0,0,0,400,239.977920532227,1,4,1,1.99508666992187,55.2297172546387,,,,,,,,,,,,,,,,
,3704400915.9435,243.752899169922,10000.0009765625,0.000131661933586661,2.1475011403774E-7,1,9.99253354069792,40.0298881530762,1.99776678591279,17.8399998694658,0.00144549327776562,0.000290765540610567,0.25,3.26370463910722E-6,0.000131876437656848,3.37857306256243E-6,243.745864868164,243.745864868164,9999.99609375,10000.005859375,51.7242672601016,17.9712996493712,30.6238193511963,0,0,0,400,243.999954223633,1,4,1,1.998291015625,55.7184753417969,,,,,,,,,,,,,,,,
,3704400925.915,243.76481628418,10000.0034179688,0.000131618836566688,2.27491039978429E-7,1,9.99253354069792,40.0298881530762,1.99772566741849,17.8399998694658,0.00144551481955667,0.000287681816632878,0.25,2.99213574543281E-6,0.0001318334494245,3.10651282819738E-6,243.75993347168,243.75993347168,10000.0009765625,10000.005859375,51.5265152447362,17.9718636893002,30.612606048584,0,0,0,400,243.99821472168,1,4,1,1.9781494140625,55.7184753417969,,,,,,,,,,,,,,,,
,3704400935.989,243.774810791016,10000.0053710938,0.000131501163096436,2.27798247062366E-7,1,9.99253354069792,40.0298881530762,1.99773821452892,17.8399998694658,0.00144473852315861,0.000284532224678683,0.25,2.72700866888577E-6,0.000131715763809799,2.84084441048094E-6,243.76969909668,243.76969909668,10000.0009765625,10000.009765625,51.1278846999285,17.9719536349038,30.6238193511963,0,0,0,400,243.99333190918,1,4,1,1.97799682617187,55.7184753417969,,,,,,,,,,,,,,,,
,3704401017.649,247.787338256836,10000.009765625,,,2,,,,17.8500002509356,,,,,,,247.787338256836,247.787338256836,10000.009765625,10000.009765625,,,30.6798858642578,,,,400,259.897430419922,0,0,0,0.043487548828125,52.2971649169922,,,,,,,,,,,,,,,,
,3704401255.725,247.730918884277,10000.0146484375,0.00013095867608846,2.34007665970768E-7,1,9.99253354069792,40.0298881530762,1.99770318105218,17.8399998694658,0.00143976305606351,0.000276622298547903,0.25,2.11025821307241E-6,0.000131157672016659,2.22029857138852E-6,247.723419189453,247.723419189453,10000.009765625,10000.01953125,51.6406330085439,17.9715265406603,30.7135276794434,0,0,0,400,248.010269165039,1,4,1,1.97891235351562,55.2297172546387,,,,,,,,,,,,,,,,
,3704401265.724,247.74503326416,10000.0078125,0.000130866466361986,2.19164365935824E-7,1,9.99253354069792,40.0298881530762,1.99774917414609,17.8399998694658,0.00143762072459127,0.000283040928837025,0.25,2.70807327670202E-6,0.000131064779037027,2.81894627124402E-6,247.738418579102,247.738418579102,9999.99609375,10000.01953125,51.5734129558901,17.9720583483219,30.7247409820557,0,0,0,400,248.011459350586,1,4,1,1.978759765625,55.2297172546387,,,,,,,,,,,,,,,,
,3704401275.778,247.756851196289,9999.99609375,0.00013086391426172,2.78102746338151E-7,1,9.99253354069792,40.0298881530762,1.99770413929123,17.8399998694658,0.00143748561065408,0.000283461243864154,0.25,2.74720879255734E-6,0.000131062145592723,2.85813261204827E-6,247.751647949219,247.751647949219,9999.99609375,9999.99609375,51.5827924981208,17.9738827501552,30.735954284668,0,0,0,400,248.004837036133,1,4,1,1.99722290039062,55.7184753417969,,,,,,,,,,,,,,,,
,3704401605.456,251.723983764648,10000.005859375,0.000130334314070067,2.29679302641924E-7,1,9.99253354069792,40.0298881530762,1.99767463766187,17.8399998694658,0.00143277764335842,0.000274885985066702,0.25,2.06760678336919E-6,0.00013051702725751,2.17481085245299E-6,251.716415405273,251.716415405273,10000.005859375,10000.005859375,51.4788359050631,17.9723492301774,30.8368740081787,0,0,0,400,252.017395019531,1,4,1,1.99462890625,55.2297172546387,,,,,,,,,,,,,,,,
,3704401615.4625,251.737190246582,10000.0126953125,0.000130852766786485,2.35424951185535E-7,1,9.99253354069792,40.0298881530762,1.99764981449176,17.8399998694658,0.00143749505738146,0.000281472861816246,0.25,2.57447346196778E-6,0.000131035756738701,2.68280175121577E-6,251.731552124023,251.731552124023,10000.005859375,10000.01953125,51.413960737967,17.9740215869465,30.8256607055664,0,0,0,400,252.020034790039,1,4,1,1.99493408203125,56.2072334289551,,,,,,,,,,,,,,,,
,3704401636.856,251.759872436523,10000.005859375,,,2,,,,17.8700004032254,,,,,,,251.759872436523,251.759872436523,10000.005859375,10000.005859375,,,30.8368740081787,,,,400,252.022918701172,0,0,0,0.041961669921875,52.7859268188477,,,,,,,,,,,,,,,,
touchdown = 9.96000040322542 mm,3704401642.941,251.760894775391,10000.0146484375,0.000131041388676837,2.17921598892874E-7,1,9.99253354069792,40.0298881530762,1.99770368878607,17.8599990904331,0.00143993108828723,0.00028001595617669,0.25,2.4085954734464E-6,0.000131224686240838,2.51682656562191E-6,251.742828369141,251.742828369141,10000.009765625,10000.01953125,51.637506494467,17.9726684313953,30.8368740081787,0,0,0,400,252.030731201172,1,4,1,1.976318359375,54.2522010803223,,,,,,,,,,,,,,,,
,3704401985.082,255.706474304199,10000.009765625,0.000131358228998787,2.19294323843391E-7,1,9.99253354069792,40.0298881530762,1.99778764918432,17.8599990904331,0.00144192946622926,0.000288493378923688,0.25,3.12594075309927E-6,0.000131526058150202,3.23313307544786E-6,255.698791503906,255.698791503906,10000.009765625,10000.009765625,51.2709227189477,17.9746620922438,30.971435546875,0,0,0,400,256.02001953125,1,4,1,1.97586059570313,55.2297172546387,,,,,,,,,,,,,,,,
,3704401995.1705,255.721290588379,10000.0078125,0.000131237049234982,2.29190171608094E-7,1,9.99253354069792,40.0298881530762,1.99773954954134,17.8599990904331,0.00144139200503629,0.000283510657424339,0.25,2.69578179502323E-6,0.000131405001363079,2.80231299861003E-6,255.714157104492,255.714157104492,10000.005859375,10000.009765625,51.7000367760055,17.9749856424781,30.9602222442627,0,0,0,400,256.023803710938,1,4,1,1.97830200195313,55.7184753417969,,,,,,,,,,,,,,,,
,3704402005.187,255.734153747559,10000.0102539062,0.000131249177963668,2.08093002931186E-7,1,9.99253354069792,40.0298881530762,1.99773926105571,17.8599990904331,0.00144098455089572,0.000286614185365121,0.25,2.97522778275428E-6,0.000131416876333813,3.08212329012683E-6,255.728424072266,255.728424072266,10000.005859375,10000.0146484375,51.4483523928131,17.9748715089592,30.971435546875,0,0,0,400,256.0263671875,1,4,1,1.97738647460938,55.7184753417969,,,,,,,,,,,,,,,,
,3704402126.43,262.710357666016,10000.080078125,,,2,,,,17.8599998614192,,,,,,,262.710357666016,262.710357666016,10000.080078125,10000.080078125,,,31.0611419677734,,,,400,266.022644042969,0,0,0,0.037689208984375,52.2971649169922,,,,,,,,,,,,,,,,
,3704402334.906,259.688430786133,10000.0639648438,0.000130498757407197,2.19168984940941E-7,1,9.99253354069792,40.0298881530762,1.99765036502393,17.8399998694658,0.00143303126115318,0.000281998682293517,0.25,2.69409895834738E-6,0.00013065036990938,2.797856797569E-6,259.680755615234,259.680755615234,10000.056640625,10000.0712890625,51.3897302538708,17.9754884334556,31.1172103881836,0,0,0,400,260.024475097656,1,4,1,1.9952392578125,55.2297172546387,,,,,,,,,,,,,,,,
,3704402344.8995,259.703109741211,10000.0756835938,0.000130375514532859,2.24497146211529E-7,1,9.99253354069792,40.0298881530762,1.99763466248936,17.8399998694658,0.00143200495206309,0.000279801384636205,0.25,2.51655462035431E-6,0.000130527061770233,2.62000046134977E-6,259.696105957031,259.696105957031,10000.0712890625,10000.080078125,51.3991097961016,17.9749533818461,31.1172103881836,0,0,0,400,260.034271240234,1,4,1,1.99493408203125,55.2297172546387,,,,,,,,,,,,,,,,
,3704402354.884,259.716674804687,10000.0708007813,0.00013078243153339,2.24677445203456E-7,1,9.99253354069792,40.0298881530762,1.99764368935665,17.8399998694658,0.00143618933981887,0.000282332577422101,0.25,2.67474657917125E-6,0.00013093428309658,2.77868488046896E-6,259.710113525391,259.710113525391,10000.0615234375,10000.080078125,51.3475223138324,17.9744218604332,31.1172103881836,0,0,0,400,260.040710449219,1,4,1,1.99508666992187,55.2297172546387,,,,,,,,,,,,,,,,
,3704402694.627,263.68669128418,10000.0756835938,0.000130296060482041,2.32218907574732E-7,1,9.99253354069792,40.0298881530762,1.99749529330069,17.8399998694658,0.00143115305445501,0.000277952334949355,0.25,2.36918474926431E-6,0.000130432153703293,2.47029762838016E-6,263.679077148438,263.679077148438,10000.0712890625,10000.080078125,51.444444250217,17.9754846627951,31.3078384399414,0,0,0,400,264.044708251953,1,4,1,1.99478149414062,55.7184753417969,,,,,,,,,,,,,,,,
,3704402704.6105,263.700836181641,10000.0712890625,0.000130426498830922,2.26730295689789E-7,1,9.99253354069792,40.0298881530762,1.99749317290678,17.8399998694658,0.00143217122233235,0.000280581782540626,0.25,2.58497536156795E-6,0.000130562511720549,2.6864078717899E-6,263.694305419922,263.694305419922,10000.0712890625,10000.0712890625,51.6500125507747,17.9755852801362,31.2966232299805,0,0,0,400,264.053894042969,1,4,1,1.99569702148438,55.2297172546387,,,,,,,,,,,,,,,,
,3704402714.55,263.713851928711,10000.068359375,0.00013039119278805,2.27683032783889E-7,1,9.99253354069792,40.0298881530762,1.99750075823954,17.8399998694658,0.00143175960901377,0.000280669416555288,0.25,2.59904533055726E-6,0.000130527107030115,2.70045915478663E-6,263.707366943359,263.707366943359,10000.0654296875,10000.0712890625,51.3920751394285,17.9756243305786,31.3078384399414,0,0,0,400,264.060699462891,1,4,1,1.97891235351562,55.7184753417969,,,,,,,,,,,,,,,,
,3704402748.572,263.832275390625,10000.0751953125,,,2,,,,17.8599998614192,,,,,,,263.832275390625,263.832275390625,10000.0751953125,10000.0751953125,,,31.330265045166,,,,400,268.178527832031,0,0,0,0.03631591796875,52.2971649169922,,,,,,,,,,,,,,,,
,3704403054.3465,267.671127319336,10000.0776367187,0.000129899204062843,2.04775022916559E-7,1,9.99253354069792,40.0298881530762,1.99738528632468,17.8399998694658,0.00142597601801019,0.000280328954166583,0.25,2.66057929940415E-6,0.000130019192717248,2.7596299957832E-6,267.663269042969,267.663269042969,10000.0751953125,10000.080078125,51.678151177467,17.9749554263768,31.5321063995361,0,0,0,400,268.058837890625,1,4,1,1.99539184570313,55.7184753417969,,,,,,,,,,,,,,,,
,3704403064.3935,267.687347412109,10000.0751953125,0.000130334194352504,2.15603310126034E-7,1,9.99253354069792,40.0298881530762,1.99736031273106,17.8399998694658,0.00142996653963717,0.000285636673194991,0.25,3.06637908118623E-6,0.000130454226596566,3.16612558416074E-6,267.678985595703,267.678985595703,10000.0751953125,10000.0751953125,51.6390697515055,17.9759607929368,31.5433197021484,0,0,0,400,268.067932128906,1,4,1,1.99859619140625,55.2297172546387,,,,,,,,,,,,,,,,
,3704403074.4295,267.702285766602,10000.080078125,0.000130581753871438,2.69477448254334E-7,1,9.99253354069792,40.0298881530762,1.99740287064079,17.8399998694658,0.00143385135246891,0.000279683407636737,0.25,2.48209062529786E-6,0.000130702394344703,2.58146519157152E-6,267.695709228516,267.695709228516,10000.0751953125,10000.0849609375,51.5992066970247,17.9755017915099,31.5321063995361,0,0,0,400,268.073944091797,1,4,1,1.99996948242187,55.2297172546387,,,,,,,,,,,,,,,,
,3704403195.8,274.607574462891,10000.0986328125,,,2,,,,17.8500002509356,,,,,,,274.607574462891,274.607574462891,10000.0986328125,10000.0986328125,,,31.6666660308838,,,,400,278.172943115234,0,0,0,0.046844482421875,52.2971649169922,,,,,,,,,,,,,,,,
,3704403414.064,271.659622192383,10000.0869140625,0.000130162712754005,2.23151365845637E-7,1,9.99253354069792,40.0298881530762,1.99755810935328,17.8399998694658,0.00142841943394063,0.00028314616575669,0.25,2.87271605010844E-6,0.000130267251845207,2.97011576178172E-6,271.650817871094,271.650817871094,10000.0849609375,10000.0888671875,51.3600283701401,17.974168568554,31.7900142669678,0,0,0,400,272.067718505859,1,4,1,1.97540283203125,55.2297172546387,,,,,,,,,,,,,,,,
,3704403424.128,271.675354003906,10000.08203125,0.000130296719197358,2.18695192728119E-7,1,9.99253354069792,40.0298881530762,1.99751320425181,17.8399998694658,0.00142936037160974,0.000286273585929941,0.25,3.13366542881323E-6,0.000130401116133115,3.2313686842443E-6,271.668426513672,271.668426513672,10000.0751953125,10000.0888671875,51.3866037397939,17.975672067646,31.7788009643555,0,0,0,400,272.081726074219,1,4,1,1.97891235351562,55.2297172546387,,,,,,,,,,,,,,,,
,3704403434.16,271.689666748047,10000.0732421875,0.000130217612170027,2.14998803957338E-7,1,9.99253354069792,40.0298881530762,1.99749519778424,17.8399998694658,0.00142928928055686,0.000281481344365169,0.25,2.71276990256669E-6,0.000130322195814173,2.81006359569623E-6,271.682281494141,271.682281494141,10000.0712890625,10000.0751953125,51.6898756052555,17.9744789976,31.7900142669678,0,0,0,400,272.087554931641,1,4,1,1.9793701171875,55.2297172546387,,,,,,,,,,,,,,,,
,3704403783.904,275.66178894043,10000.068359375,0.000129624066470796,2.29391606048458E-7,1,9.99253354069792,40.0298881530762,1.99753423075769,17.8399998694658,0.00142217197855945,0.000282790501343686,0.25,2.93990792281069E-6,0.000129712564564416,3.03496831082257E-6,275.653442382813,275.653442382813,10000.0654296875,10000.0712890625,51.4616400776401,17.9746945269446,32.1264152526855,0,0,0,400,276.099670410156,1,4,1,1.99920654296875,55.7184753417969,,,,,,,,,,,,,,,,
,3704403793.7975,275.676651000977,10000.0610351562,0.000129981366410104,2.35518717980645E-7,1,9.99253354069792,40.0298881530762,1.99754478884181,17.8399998694658,0.00142639494180212,0.000281881635881505,0.25,2.79462695230392E-6,0.000130070160547468,2.88983486553991E-6,275.670135498047,275.670135498047,10000.056640625,10000.0654296875,51.4608584491208,17.9737443255134,32.1039886474609,0,0,0,400,276.110046386719,1,4,1,1.97723388671875,55.7184753417969,,,,,,,,,,,,,,,,
,3704403815.165,275.701293945313,10000.04296875,,,2,,,,17.8599998614192,,,,,,,275.701293945313,275.701293945313,10000.04296875,10000.04296875,,,32.1376304626465,,,,400,276.125457763672,0,0,0,0.0469970703125,52.2971649169922,,,,,,,,,,,,,,,,
touchdown = 9.9499998614192 mm,3704403821.2775,275.706359863281,10000.0541992187,0.0001303479882116,2.92014912083462E-7,1,9.99253354069792,40.0298881530762,1.99768988209946,17.8399998694658,0.00143063767608444,0.000281999779913246,0.25,2.73932583027184E-6,0.000130436961959075,2.83474359971836E-6,275.683166503906,275.683166503906,10000.0517578125,10000.056640625,51.4256851657554,17.9738410758083,32.1600570678711,0,0,0,400,276.130859375,1,4,1,1.99798583984375,54.7409591674805,,,,,,,,,,,,,,,,
,3704404183.5865,279.647247314453,10000.0751953125,0.000129386443283839,2.21258369993287E-7,1,9.99253354069792,40.0298881530762,1.99751871301102,17.8399998694658,0.00141947277767098,0.000281734330763945,0.25,2.89052009279717E-6,0.000129459336544149,2.9834423950502E-6,279.638916015625,279.638916015625,10000.0751953125,10000.0751953125,51.6156208959285,17.9779538461469,32.5413131713867,0,0,0,400,280.119354248047,1,4,1,1.97723388671875,55.7184753417969,,,,,,,,,,,,,,,,
,3704404193.5425,279.663848876953,10000.0751953125,0.00012932654996323,2.24762045270569E-7,1,9.99253354069792,40.0298881530762,1.99752376368549,17.8399998694658,0.00141919564159045,0.000279453215458942,0.25,2.69386967821328E-6,0.000129399482760728,2.7866280072641E-6,279.655578613281,279.655578613281,10000.0751953125,10000.0751953125,51.6289085807555,17.9779571643102,32.5413131713867,0,0,0,400,280.127227783203,1,4,1,1.99783325195313,55.2297172546387,,,,,,,,,,,,,,,,
,3704404203.4775,279.678176879883,10000.080078125,0.000130088414916252,2.27261045580604E-7,1,9.99253354069792,40.0298881530762,1.99754307423241,17.8399998694658,0.00142659748367447,0.000286640001601863,0.25,3.21256220555547E-6,0.000130161366837096,3.30615089600264E-6,279.672119140625,279.672119140625,10000.0751953125,10000.0849609375,51.4741461339478,17.9784676354751,32.5413131713867,0,0,0,400,280.134979248047,1,4,1,1.9976806640625,55.7184753417969,,,,,,,,,,,,,,,,
,3704404324.96,286.483520507813,10000.0849609375,,,2,,,,17.8500002509356,,,,,,,286.483520507813,286.483520507813,10000.0849609375,10000.0849609375,,,32.7319412231445,,,,400,290.310180664063,0,0,0,0.043182373046875,52.2971649169922,,,,,,,,,,,,,,,,
,3704404553.3455,283.635314941406,10000.0732421875,0.000129235110626121,2.21223277015929E-7,1,9.99253354069792,40.0298881530762,1.99758852029406,17.8399998694658,0.00141771203310533,0.000281254206963262,0.25,2.87720047257946E-6,0.000129292450202667,2.9681263442656E-6,283.626251220703,283.626251220703,10000.0712890625,10000.0751953125,51.7023816615632,17.9777876198652,33.0010604858398,0,0,0,400,284.131164550781,1,4,1,1.99935913085938,55.2297172546387,,,,,,,,,,,,,,,,
,3704404563.3095,283.651351928711,10000.0732421875,0.00012887898082658,2.3019428820327E-7,1,9.99253354069792,40.0298881530762,1.99773686557157,17.8399998694658,0.00141385650839855,0.000280771401121821,0.25,2.89402808940056E-6,0.000128936083162572,2.9847073025276E-6,283.644378662109,283.644378662109,10000.0712890625,10000.0751953125,51.5843557551593,17.9716570716894,33.0010604858398,0,0,0,400,284.142700195313,1,4,1,1.97738647460938,55.2297172546387,,,,,,,,,,,,,,,,
,3704404573.2215,283.665084838867,10000.0712890625,0.000129024158887315,2.18514369091126E-7,1,9.99253354069792,40.0298881530762,1.997706378881,17.8399998694658,0.00141557915676328,0.000280221887454447,0.25,2.81906250811246E-6,0.000129081326568686,2.9098016265723E-6,283.658325195313,283.658325195313,10000.0712890625,10000.0712890625,51.5601252710631,17.9736264766731,33.0010604858398,0,0,0,400,284.155426025391,1,4,1,2.000732421875,55.7184753417969,,,,,,,,,,,,,,,,
,3704404922.964,287.618423461914,10000.068359375,0.000128615594530935,2.31104702970494E-7,1,9.99253354069792,40.0298881530762,1.99761095156206,17.8399998694658,0.00141133533485759,0.00027660710564249,0.25,2.56807297546488E-6,0.000128657476447285,2.65663927506494E-6,287.60986328125,287.60986328125,10000.0615234375,10000.0751953125,51.525733616217,17.9759594536392,33.4720268249512,0,0,0,400,288.159637451172,1,4,1,1.99874877929687,55.7184753417969,,,,,,,,,,,,,,,,
,3704404944.443,287.653198242187,10000.0654296875,,,2,,,,17.8599998614192,,,,,,,287.653198242187,287.653198242187,10000.0654296875,10000.0654296875,,,33.4944534301758,,,,400,288.181884765625,0,0,0,0.02471923828125,52.2971649169922,,,,,,,,,,,,,,,,
touchdown = 9.9499998614192 mm,3704404950.4495,287.65950012207,10000.0732421875,0.000128963897177026,2.20571390605312E-7,1,9.99253354069792,40.0298881530762,1.99775760667358,17.8399998694658,0.00141464464224531,0.000280852118809806,0.25,2.89076673058386E-6,0.000129005518164017,2.97966135153669E-6,287.626983642578,287.626983642578,10000.0712890625,10000.0751953125,51.4452258787362,17.970964510795,33.539306640625,0,0,0,400,288.185455322266,1,4,1,1.9970703125,54.2522010803223,,,,,,,,,,,,,,,,
,3704404975.4335,287.694000244141,10000.0615234375,0.000128757915906398,2.21265009778816E-7,1,9.99253354069792,40.0298881530762,1.99774675002598,17.8399998694658,0.00141237672726114,0.000280400043462516,0.25,2.88600226810261E-6,0.000128799337131437,2.97473923097452E-6,287.692016601562,287.692016601562,10000.0517578125,10000.0712890625,51.1286663284477,17.9720988722669,33.5505180358887,0,0,0,400,288.189178466797,1,4,1,1.99493408203125,53.7634429931641,,,,,,,,,,,,,,,,
,3704405322.766,291.607406616211,10000.0708007813,0.000128510195914625,2.25705298251115E-7,1,9.99253354069792,40.0298881530762,1.99762214944543,17.8399998694658,0.00140926363087309,0.000280648124629527,0.25,2.95786475457376E-6,0.000128536388054688,3.0447010523525E-6,291.598785400391,291.598785400391,10000.0615234375,10000.080078125,51.2849920322939,17.9750105107653,34.1111907958984,0,0,0,400,292.180572509766,1,4,1,1.97982788085938,55.2297172546387,,,,,,,,,,,,,,,,
,3704405332.8195,291.624710083008,10000.0590820312,0.000128170858161459,2.23704808664166E-7,1,9.99253354069792,40.0298881530762,1.99760982132901,17.8399998694658,0.00140544100683809,0.000280432431210954,0.25,2.99793809059755E-6,0.000128196882473543,3.0845479189152E-6,291.616027832031,291.616027832031,10000.056640625,10000.0615234375,51.6703348922747,17.9753498956752,34.1224021911621,0,0,0,400,292.194488525391,1,4,1,1.99676513671875,55.7184753417969,,,,,,,,,,,,,,,,
,3704405342.722,291.641525268555,10000.0590820312,0.000128504470174717,2.26996411067558E-7,1,9.99253354069792,40.0298881530762,1.99764401265814,17.8399998694658,0.001408904376935,0.000282404505804807,0.25,3.11815768020884E-6,0.000128530421998851,3.20501000010269E-6,291.633392333984,291.633392333984,10000.056640625,10000.0615234375,51.6875307196978,17.975691329786,34.1448287963867,0,0,0,400,292.204254150391,1,4,1,1.9818115234375,55.7184753417969,,,,,,,,,,,,,,,,
,3704405474.169,298.589874267578,10000.0146484375,,,2,,,,17.8500002509356,,,,,,,298.589874267578,298.589874267578,10000.0146484375,10000.0146484375,,,34.3915252685547,,,,400,300.853546142578,0,0,0,0.0445556640625,52.2971649169922,,,,,,,,,,,,,,,,
,3704405692.4805,295.591232299805,10000.0004882813,0.000127937462275015,3.44249010882332E-7,1,9.99253354069792,40.0298881530762,1.99766782717215,17.8399998694658,0.00140350048234171,0.000275635554914398,0.25,2.60685097304468E-6,0.000127948472466165,2.69153123345002E-6,295.582000732422,295.582000732422,9999.9912109375,10000.009765625,51.5523089858708,17.975325938341,34.7503547668457,0,0,0,400,296.196014404297,1,4,1,1.97860717773438,55.2297172546387,,,,,,,,,,,,,,,,
,3704405702.395,295.609619140625,10000.0078125,0.000128037298821647,2.27640876603086E-7,1,9.99253354069792,40.0298881530762,1.99758471950138,17.8399998694658,0.00140474077153913,0.000274691206221672,0.25,2.50457848592381E-6,0.000128048315833089,2.58930677863808E-6,295.600463867188,295.600463867188,10000.005859375,10000.009765625,51.7719465997747,17.9764102703596,34.783992767334,0,0,0,400,296.216766357422,1,4,1,1.97906494140625,55.2297172546387,,,,,,,,,,,,,,,,
,3704405712.4425,295.626663208008,10000.0034179688,0.00012816446225246,2.27469471294069E-7,1,9.99253354069792,40.0298881530762,1.99761689811991,17.8399998694658,0.00140574575848587,0.00027731221886433,0.25,2.71999533100158E-6,0.000128175284213913,2.80482161914244E-6,295.618774414063,295.618774414063,10000.0009765625,10000.005859375,51.3873853683131,17.97619707766,34.8064193725586,0,0,0,400,296.226226806641,1,4,1,1.99554443359375,55.2297172546387,,,,,,,,,,,,,,,,
,3704406062.153,299.576324462891,9999.99365234375,0.000127486505260689,2.29118424406483E-7,1,9.99253354069792,40.0298881530762,1.99750646360361,17.8399998694658,0.00139912140468016,0.000269805351562332,0.25,2.16248399967855E-6,0.000127482535111973,2.2452286409957E-6,299.565887451172,299.565887451172,9999.9912109375,9999.99609375,51.32954485789,17.9817562437889,35.4455871582031,0,0,0,400,300.224426269531,1,4,1,1.9781494140625,55.7184753417969,,,,,,,,,,,,,,,,
,3704406072.1715,299.5966796875,9999.99365234375,0.000127124752562939,2.24544551502818E-7,1,9.99253354069792,40.0298881530762,1.99764596278262,17.8399998694658,0.00139477380539173,0.0002717337330167,0.25,2.39947462560321E-6,0.000127120558303637,2.48197142325614E-6,299.586761474609,299.586761474609,9999.9912109375,9999.99609375,51.4788359050631,17.978433840492,35.4680137634277,0,0,0,400,300.242462158203,1,4,1,1.97860717773438,55.7184753417969,,,,,,,,,,,,,,,,
,3704406093.717,299.629760742188,10000.0146484375,,,2,,,,17.8599998614192,,,,,,,299.629760742188,299.629760742188,10000.0146484375,10000.0146484375,,,35.512866973877,,,,400,300.266662597656,0,0,0,0.042266845703125,52.7859268188477,,,,,,,,,,,,,,,,
touchdown = 9.9499998614192 mm,3704406099.6995,299.639251708984,9999.99609375,0.00012763164478683,2.27767500717039E-7,1,9.99253354069792,40.0298881530762,2.01017719849301,17.8399998694658,0.00140868399420117,0.000274351411527333,0.25,2.40099250198818E-6,0.00012762727631322,2.48380129874315E-6,299.606597900391,299.606597900391,9999.9912109375,10000.0009765625,51.4702379913516,17.9756256731861,35.5577201843262,0,0,0,400,300.265655517578,1,4,1,1.97830200195313,54.2522010803223,,,,,,,,,,,,,,,,