temperature,moment,sus
52.2355709075928,0.0003665957049765683,2727.8006436652527
52.2351779937744,0.00036681189260779224,2726.192961985652
52.2351474761963,0.00036713795021897617,2723.771812212709
56.2167415618897,0.0003156191995429154,3168.3750590845407
56.2168483734131,0.00031544941439102213,3170.080381764248
56.2172107696533,0.0003146094837027138,3178.543724209335
60.2115325927734,0.0002831888153500438,3531.212907416279
60.208158493042,0.00028412566048963226,3519.5694689339402
60.207124710083,0.00028394535321349444,3521.8044200502
64.2173957824707,0.00027104440364916614,3689.4323828001916
64.2121429443359,0.0002729512159309917,3663.658344913997
64.2079772949219,0.00027360111526245523,3654.9558617140056
68.2248001098633,0.00026691251242208535,3746.545978401484
68.2217407226563,0.00026719758597708586,3742.5487821800803
68.2198715209961,0.0002674490365011436,3739.0301086230465
72.2300033569336,0.00026114551033888043,3829.282757732771
72.2280883789063,0.000260755362584192,3835.0122125565977
72.2268829345703,0.0002609286020864742,3832.466015621356
76.2290306091309,0.0002552772652376794,3917.309279652993
76.226993560791,0.000255751106790622,3910.051504952738
76.225959777832,0.00025589856375909996,3907.7984077370156
80.254753112793,0.00025809604423536567,3874.526643608956
80.2493782043457,0.00025676311079020906,3894.6404603154238
80.2417602539063,0.00025618697465171165,3903.3990754584943
84.2833862304687,0.000255402747554772,3915.3846604001255
84.2713928222656,0.00025610294664808145,3904.679790249072
84.2601623535156,0.0002550992640041895,3920.0426700704907
88.2773895263672,0.00025402300470671075,3936.651332640434
88.2669715881348,0.0002550656420280656,3920.55939815668
88.2565155029297,0.0002559112266504002,3907.605043705636
92.2722816467285,0.0002523889697589901,3962.1382858169854
92.2663192749023,0.00025231450138650974,3963.307675559016
92.2584686279297,0.00025053098552559766,3991.522237866367
96.2558212280273,0.0002506044794620465,3990.351657506776
96.2548789978027,0.0002502254727629776,3996.395686490461
96.2507019042969,0.0002489102570387954,4017.51222266481
100.247074127197,0.0002488209294464417,4018.9545237401276
100.248794555664,0.000249541849512221,4007.343866187969
100.246978759766,0.00024967713604788055,4005.1725032933336
104.242256164551,0.0002501656208393757,3997.351820944541
104.245361328125,0.0002492887336532295,4011.4127315157357
104.243667602539,0.0002513017975706676,3979.2791363491697
108.232410430908,0.0002468728274522187,4050.6685580597004
108.244487762451,0.0002469303952279534,4049.724211054907
108.250164031982,0.00024730999588149324,4043.5082150063317
112.227397918701,0.0002455876940971668,4071.8652604977424
112.242221832275,0.00024550629907831316,4073.2152443918094
112.249179840088,0.00024641093647259404,4058.261432366337
116.22159576416,0.00024580145288237367,4068.324203431548
116.238883972168,0.00024557545557322405,4072.0681863983214
116.24728012085,0.0002456408839717614,4070.9835587261564
120.230194091797,0.0002444887685785217,4090.1674371959266
120.247882843018,0.00024517604901182276,4078.7018309108103
120.256225585938,0.0002450289172640349,4081.1509562458446
124.227577209473,0.00024496016395094924,4082.296418613762
124.247333526611,0.0002445758391614993,4088.7113110942896
124.257347106934,0.00024399462825663965,4098.450884534126
128.233833312988,0.0002439396939162476,4099.373840910584
128.253921508789,0.00024336748180040968,4109.0123980496255
128.262878417969,0.00024360020115792412,4105.086922123302
132.25838470459,0.00024387291526822526,4100.496354423546
132.246528625488,0.00024354873412892942,4105.9544143252315
132.23265838623,0.00024267613669358483,4120.718310522021
136.257537841797,0.00024246846753045787,4124.247619432758
136.241813659668,0.00024234114849073886,4126.414380008665
136.225608825684,0.00024209003124036813,4130.6946629583135
140.26830291748,0.00024255046151333453,4122.85342093659
140.251281738281,0.00024225266864717594,4127.92150272008
140.233360290527,0.00024330178426620427,4110.121933614215
144.291160583496,0.0002422417586073134,4128.1074152910705
144.27214050293,0.00024251453440252618,4123.464197573403
144.252502441406,0.00024188445956790873,4134.205239089581
148.268760681152,0.00024161684039802783,4138.784359371013
148.215362548828,0.00024168791880972823,4137.567177229335
148.168823242187,0.00024209851372325857,4130.549934491107
152.267890930176,0.00024150713861614394,4140.664353567698
152.246658325195,0.00024097607742127195,4149.7895172881
152.224990844727,0.00024066909221822464,4155.082776866331
156.225364685059,0.00024078157462245376,4153.141707657669
156.204544067383,0.00024041424361895082,4159.487328816379
156.184211730957,0.00024067919348658666,4154.908388687662
160.251708984375,0.000240202577078731,4163.152669557874
160.194412231445,0.00024046494589031062,4158.610296804572
160.143768310547,0.00024026507062971129,4162.069823046261
164.243064880371,0.00024019083445557047,4163.35620077533
164.220512390137,0.00024001378790434994,4166.427307078371
164.197959899902,0.00023979658049510006,4170.201251141001
168.1787109375,0.00023916235794530332,4181.259996728671
168.156257629395,0.00023962459355429,4173.19435024284
168.135055541992,0.0002403591684722818,4160.4404207086445
172.100547790527,0.0002403591684722818,4160.4404207086445
172.087951660156,0.00024078076979731385,4153.155589799747
172.072570800781,0.00024064788690036462,4155.448912850956
176.175964355469,0.00024064836097764113,4155.440726616504
176.152359008789,0.00024002592700028038,4166.2165937550235
176.130226135254,0.0002399117528742141,4168.199298365765
180.177124023438,0.00023849845812300377,4192.899224045539
180.153244018555,0.00023864695270501204,4190.290253720881
180.129707336426,0.00023971733323235279,4171.5798624821255
184.092193603516,0.00023970684998482933,4171.762300757315
184.078979492187,0.0002398759061683311,4168.822187995228
184.063537597656,0.00023887467845546992,4186.295535658528
188.173294067383,0.00023800393612977264,4201.611184508923
188.14794921875,0.00023840750894215388,4194.498757346756
188.123908996582,0.00023884477651029968,4186.8196349559985
192.16780090332,0.0002384518979108081,4193.717931211626
192.142280578613,0.0002381805768191847,4198.4951642767755
192.119010925293,0.000238092442859762,4200.04930853268
196.07625579834,0.0002384653937688598,4193.480589344053
196.064613342285,0.000237821278275758,4204.838218220669
196.050170898438,0.00023848853398767878,4193.073701613109
200.116539001465,0.00023745616056159634,4211.3036681589865
200.095550537109,0.00023767046072809643,4207.506464777026
200.075416564941,0.0002372558732656845,4214.858777722132
204.113945007324,0.00023658500518097543,4226.810567453551
204.091850280762,0.00023703427380184747,4218.79918022305
204.072731018066,0.000236666408425477,4225.356723216114
208.061134338379,0.00023761842366854883,4208.427884341529
208.048782348633,0.000236728376335558,4224.250660100498
208.033805847168,0.00023734749316768413,4213.231775292052
212.064392089844,0.0002357428864845274,4241.909543538372
212.046699523926,0.00023655229454395434,4227.395054137543
212.031028747559,0.00023595717811795552,4238.0571253488115
216.073364257813,0.00023732909844875568,4213.558331179187
216.054458618164,0.00023809745771462428,4199.960846279035
216.038383483887,0.00023818064084739053,4198.494035628739
220.044395446777,0.000237367449248153,4212.8775582643675
220.031021118164,0.00023701678453073773,4219.110481900551
220.015075683594,0.00023759103326550642,4208.913048004242
223.907325744629,0.0002365495162688116,4227.444704911651
223.908126831055,0.00023620025593708714,4233.695666554882
223.910209655762,0.00023602957961948602,4236.757111596544
227.867668151855,0.0002358243156781607,4240.444829127552
227.869728088379,0.00023594427893493543,4238.288821894946
227.87336730957,0.00023588805389154212,4239.299038262384
231.810386657715,0.00023582348539390012,4240.4597588305605
231.819061279297,0.00023555552043088163,4245.283651899923
231.824256896973,0.00023604845727469886,4236.41828269295
235.779052734375,0.0002355245553960169,4245.841790545257
235.789115905762,0.00023579847040895979,4240.909613474754
235.797271728516,0.00023579263332326253,4241.014597894748
239.748840332031,0.00023497731887101264,4255.729892589911
239.762725830078,0.0002354628731658455,4246.954038039202
239.774444580078,0.00023473893906315126,4260.0516300832915
243.752899169922,0.00023465747782995655,4261.53050500545
243.76481628418,0.00023458440536387398,4262.8579612905505
243.774810791016,0.00023438488598482646,4266.486705395918
247.730918884277,0.00023346508077519914,4283.295800295243
247.74503326416,0.00023330873604151495,4286.166120337903
247.756851196289,0.0002333044088685401,4286.245617259078
251.723983764648,0.0002324064536951627,4302.806501714689
251.737190246582,0.0002332855079443804,4286.5928913099
251.760894775391,0.00023360532278758348,4280.724377626004
255.706474304199,0.0002341425363511616,4270.902739774814
255.721290588379,0.00023393707193190277,4274.653827808412
255.734153747559,0.00023395763660472902,4274.278089453853
259.688430786133,0.00023268527297738847,4297.65058701062
259.703109741211,0.00023247631048391152,4301.513551718229
259.716674804687,0.0002331662521257782,4288.785323274675
263.68669128418,0.00023234159343300722,4304.0076691577715
263.700836181641,0.00023256275609878893,4299.914641427865
263.713851928711,0.00023250289349989255,4301.021741909901
267.671127319336,0.00023166870984964866,4316.508693163582
267.687347412109,0.00023240625070995472,4302.8102598153
267.702285766602,0.00023282599631097454,4295.053026056196
271.659622192383,0.00023211549781571844,4308.200053035329
271.675354003906,0.0002323427103072758,4303.986979739923
271.689666748047,0.00023220858164652012,4306.473054997819
275.66178894043,0.0002312022046858229,4325.218270988741
275.676651000977,0.00023180801890946895,4313.914612205643
275.706359863281,0.00023242963866813775,4302.377294609129
279.647247314453,0.00023079930647429382,4332.768652020966
279.663848876953,0.00023069775530807588,4334.675899488449
279.678176879883,0.0002319895232997863,4310.539483749701
283.635314941406,0.00023054271679581455,4337.590941489915
283.651351928711,0.00022993888658402105,4348.981657065622
283.665084838867,0.000230185040933571,4344.330960623065
287.618423461914,0.00022949230614372152,4357.444555782805
287.65950012207,0.00023008286515009623,4346.260202156483
287.694000244141,0.00022973361688603878,4352.867523502484
291.607406616211,0.00022931359919785166,4360.84036663347
291.624710083008,0.00022873824047294904,4371.809444421523
291.641525268555,0.00022930389101070815,4361.024994352588
295.591232299805,0.00022834250979350337,4379.386041190177
295.609619140625,0.00022851178606068245,4376.141892893196
295.626663208008,0.00022872739599127278,4372.016721766708
299.576324462891,0.00022757789680739218,4394.099840224545
299.5966796875,0.00022696453278006065,4405.974747468792
299.639251708984,0.0002278239858202248,4389.353458108212
