,3706108002.7713,1.79993307590485,-0.0976885557174683,,,6.348592,0.01073159,-0.2491943,,,18.31055,2.94912,1,0,0.006348649,0.006348589,-2.761185E-05,,,,,,300,-52.89303,-20.37581,,,,,,,,,,,,,,,,,,,,,520396672,0,,,,,,,,,,,,,,,,
,3706108003.4615,1.79977607727051,-0.0610553435981274,,,,,,,,,,,,,,,,,,,,,,,0.03612933,0.0003976422,-0.09338303,,,21.3623,2.995932,1,0,3.612884E-05,3.612879E-05,-5.888424E-08,,,,,,30000,-30.03547,-7.112387,520396672,0,,,,,,,,,,,,,,,,
,3706108008.35139,1.80019497871399,-0.0732664167881012,,,6.348544,0.0108351,-0.251449,,,18.31055,2.94912,1,0,0.006348602,0.006348541,-2.786147E-05,,,,,,300,-52.26535,-20.37231,,,,,,,,,,,,,,,,,,,,,520396672,0,,,,,,,,,,,,,,,,
,3706108014.82938,1.79978108406067,-0.0610553435981274,,,,,,,,,,,,,,,,,,,,,,,0.03538578,0.0005884274,-0.1513443,,,21.3623,2.995932,1,0,3.538538E-05,3.538526E-05,-9.346881E-08,,,,,,30000,-26.86331,-7.437383,419732864,0,,,,,,,,,,,,,,,,
,3706108015.08822,1.8000385761261,-0.0244221389293671,,,,,,,,,,,,,,,,,,,,,,,0.03549099,0.0004532977,-0.12315,,,21.3623,2.995932,1,0,3.549054E-05,3.549046E-05,-7.628238E-08,,,,,,30000,-27.44585,-7.417993,419732864,0,,,,,,,,,,,,,,,,
,3706108128.25061,1.99985086917877,-0.0610553435981274,,,6.329509,0.008682292,-0.258341,,,18.31055,2.94912,1,0,0.00632957,0.006329506,-2.853931E-05,,,,,,300,-51.17197,-20.24409,,,,,,,,,,,,,,,,,,,,,520396672,0,,,,,,,,,,,,,,,,
,3706108128.45348,1.99985086917877,-0.0732664167881012,,,,,,,,,,,,,,,,,,,,,,,0.03913556,0.0004977852,0.1180637,,,21.3623,2.995932,1,0,3.913507E-05,3.913498E-05,8.064164E-08,,,,,,30000,-43.76243,-6.625588,520396672,0,,,,,,,,,,,,,,,,
,3706108133.54065,1.99976325035095,-0.0732664167881012,,,6.324572,0.01076071,-0.2424038,,,18.31055,2.94912,1,0,0.006324626,0.006324569,-2.675779E-05,,,,,,300,-52.31552,-20.39042,,,,,,,,,,,,,,,,,,,,,520396672,0,,,,,,,,,,,,,,,,
,3706108133.80049,1.99971890449524,-0.0732664167881012,,,,,,,,,,,,,,,,,,,,,,,0.03821722,0.0004070268,-0.03064932,,,21.3623,2.995932,1,0,3.821665E-05,3.821665E-05,-2.044329E-08,,,,,,30000,-37.10111,-6.846065,520396672,0,,,,,,,,,,,,,,,,
,3706108143.09045,2.00010633468628,-0.0610553435981274,,,6.32582,0.01000473,-0.2460962,,,18.31055,2.94912,1,0,0.006325876,0.006325818,-2.717075E-05,,,,,,300,-52.64643,-20.41251,,,,,,,,,,,,,,,,,,,,,520396672,0,,,,,,,,,,,,,,,,
,3706108149.57739,2.00025057792664,-0.0976885557174683,,,,,,,,,,,,,,,,,,,,,,,0.03791998,0.0005070663,-0.01486568,,,21.3623,2.995932,1,0,3.791941E-05,3.791941E-05,-9.838386E-09,,,,,,30000,-38.52702,-6.868678,419732864,0,,,,,,,,,,,,,,,,
,3706108245.70915,2.20012664794922,-0.0976885557174683,,,6.303257,0.01022534,-0.2333315,,,18.31055,2.94912,1,0,0.006303307,0.006303255,-2.566954E-05,,,,,,300,-49.88329,-20.29105,,,,,,,,,,,,,,,,,,,,,520396672,0,,,,,,,,,,,,,,,,
,3706108257.90008,2.19998741149902,-0.0732664167881012,,,6.301149,0.009349024,-0.2352749,,,18.31055,2.94912,1,0,0.0063012,0.006301147,-2.587468E-05,,,,,,300,-48.68167,-20.32731,,,,,,,,,,,,,,,,,,,,,520396672,0,,,,,,,,,,,,,,,,
,3706108258.09267,2.19998741149902,-0.109899625182152,,,,,,,,,,,,,,,,,,,,,,,0.04135146,0.000454216,0.09783947,,,21.3623,2.995932,1,0,4.135091E-05,4.135085E-05,7.061164E-08,,,,,,30000,-42.48112,-6.38971,520396672,0,,,,,,,,,,,,,,,,
,3706108263.1899,2.19980049133301,-0.134321764111519,,,6.304173,0.01004975,-0.2350121,,,18.31055,2.94912,1,0,0.006304224,0.006304171,-2.585818E-05,,,,,,300,-48.42639,-20.30323,,,,,,,,,,,,,,,,,,,,,520396672,0,,,,,,,,,,,,,,,,
,3706108269.61511,2.2003173828125,-0.0366332083940506,,,,,,,,,,,,,,,,,,,,,,,0.04099708,0.0005696409,0.04918315,,,21.3623,2.995932,1,0,4.099649E-05,4.099647E-05,3.51917E-08,,,,,,30000,-42.0378,-6.522779,419732864,0,,,,,,,,,,,,,,,,
,3706108269.86774,2.20022010803223,-0.0610553435981274,,,,,,,,,,,,,,,,,,,,,,,0.04103484,0.0006372017,0.08570457,,,21.3623,2.995932,1,0,4.103427E-05,4.103423E-05,6.138015E-08,,,,,,30000,-34.95294,-6.452034,419732864,0,,,,,,,,,,,,,,,,
,3706108365.67837,2.40016627311707,-0.0854774862527847,,,,,,,,,,,,,,,,,,,,,,,0.04383457,0.000347209,-0.0751287,,,21.3623,2.995932,1,0,4.383396E-05,4.383392E-05,-5.747696E-08,,,,,,30000,-51.20433,-5.975163,520396672,0,,,,,,,,,,,,,,,,
,3706108365.87216,2.40016627311707,-0.0976885557174683,,,6.275819,0.008820952,-0.2266438,,,18.31055,2.94912,1,0,0.006275865,0.006275816,-2.482525E-05,,,,,,300,-49.65057,-20.39932,,,,,,,,,,,,,,,,,,,,,520396672,0,,,,,,,,,,,,,,,,
,3706108366.06611,2.40016627311707,-0.0976885557174683,,,,,,,,,,,,,,,,,,,,,,,0.04379941,0.0005567985,-0.1227993,,,21.3623,2.995932,1,0,4.379886E-05,4.379876E-05,-9.387194E-08,,,,,,30000,-44.86234,-6.025059,520396672,0,,,,,,,,,,,,,,,,
,3706108366.26222,2.39990305900574,-0.0976885557174683,,,6.275819,0.008820952,-0.2266438,,,18.31055,2.94912,1,0,0.006275865,0.006275816,-2.482525E-05,,,,,,300,-49.65057,-20.39932,,,,,,,,,,,,,,,,,,,,,520396672,0,,,,,,,,,,,,,,,,
,3706108366.45241,2.39991688728333,-0.0976885557174683,,,,,,,,,,,,,,,,,,,,,,,0.04379941,0.0005567985,-0.1227993,,,21.3623,2.995932,1,0,4.379886E-05,4.379876E-05,-9.387194E-08,,,,,,30000,-44.86234,-6.025059,520396672,0,,,,,,,,,,,,,,,,
,3706108376.03929,2.39999532699585,-0.0976885557174683,,,6.279233,0.01000435,-0.2286488,,,18.31055,2.94912,1,0,0.006279281,0.006279231,-2.50585E-05,,,,,,300,-52.25724,-20.38037,,,,,,,,,,,,,,,,,,,,,117742464,0,,,,,,,,,,,,,,,,
,3706108471.92993,2.60008311271667,-0.0732664167881012,,,6.234002,0.009242673,-0.1966753,,,18.31055,2.94912,1,0,0.006234036,0.006233999,-2.139911E-05,,,,,,300,-51.91419,-20.58108,,,,,,,,,,,,,,,,,,,,,520396672,0,,,,,,,,,,,,,,,,
,3706108472.12383,2.60008311271667,-0.0488442778587341,,,,,,,,,,,,,,,,,,,,,,,0.04673869,0.0003988103,0.002094629,,,21.3623,2.995932,1,0,4.673799E-05,4.673799E-05,1.708655E-09,,,,,,30000,-51.85122,-5.833231,520396672,0,,,,,,,,,,,,,,,,
,3706108472.31353,2.6000702381134,-0.0366332083940506,,,6.234002,0.009242673,-0.1966753,,,18.31055,2.94912,1,0,0.006234036,0.006233999,-2.139911E-05,,,,,,300,-51.91419,-20.58108,,,,,,,,,,,,,,,,,,,,,520396672,0,,,,,,,,,,,,,,,,
,3706108481.20971,2.59981322288513,-0.0488442778587341,,,6.243445,0.004453306,-0.2014421,,,18.31055,2.94912,1,0,0.006243481,0.006243442,-2.195096E-05,,,,,,300,-51.89943,-20.52548,,,,,,,,,,,,,,,,,,,,,520396672,0,,,,,,,,,,,,,,,,
,3706108487.74782,2.59999060630798,-0.0732664167881012,,,,,,,,,,,,,,,,,,,,,,,0.04686705,0.0003803907,0.06405152,,,21.3623,2.995932,1,0,4.686639E-05,4.686636E-05,5.239238E-08,,,,,,30000,-37.91173,-5.780064,419732864,0,,,,,,,,,,,,,,,,
,3706108488.01848,2.60028266906738,-0.0854774862527847,,,,,,,,,,,,,,,,,,,,,,,0.04703044,0.0004557647,0.082491,,,21.3623,2.995932,1,0,4.702979E-05,4.702974E-05,6.771063E-08,,,,,,30000,-40.10504,-5.801902,419732864,0,,,,,,,,,,,,,,,,
,3706108606.01817,2.80006957054138,-0.0366332083940506,,,6.206163,0.01013978,-0.1801461,,,18.31055,2.94912,1,0,0.006206192,0.006206161,-1.951312E-05,,,,,,300,-51.36662,-20.61158,,,,,,,,,,,,,,,,,,,,,520396672,0,,,,,,,,,,,,,,,,
,3706108606.90811,2.80020570755005,-0.0244221389293671,,,,,,,,,,,,,,,,,,,,,,,0.04999164,0.0006389105,0.01509963,,,21.3623,2.995932,1,0,4.99909E-05,4.99909E-05,1.317452E-08,,,,,,30000,-48.53552,-5.379906,520396672,0,,,,,,,,,,,,,,,,
,3706108611.60807,2.80016493797302,-0.0366332083940506,,,6.204846,0.009014807,-0.1838801,,,18.31055,2.94912,1,0,0.006204876,0.006204844,-1.991336E-05,,,,,,300,-51.56567,-20.61509,,,,,,,,,,,,,,,,,,,,,520396672,0,,,,,,,,,,,,,,,,
,3706108612.49819,2.80003786087036,-0.0244221389293671,,,,,,,,,,,,,,,,,,,,,,,0.04900625,0.001060826,0.0562222,,,21.3623,2.995932,1,0,4.900554E-05,4.900552E-05,4.80873E-08,,,,,,30000,-28.23741,-5.543112,520396672,0,,,,,,,,,,,,,,,,
,3706108617.08806,2.79991793632507,0,,,6.207801,0.01030433,-0.1850863,,,18.31055,2.94912,1,0,0.006207831,0.006207799,-2.005353E-05,,,,,,300,-50.84882,-20.57311,,,,,,,,,,,,,,,,,,,,,520396672,0,,,,,,,,,,,,,,,,
,3706108623.56419,2.8003077507019,-0.0244221389293671,,,,,,,,,,,,,,,,,,,,,,,0.04980888,0.0004772668,0.03542896,,,21.3623,2.995932,1,0,4.980815E-05,4.980814E-05,3.079897E-08,,,,,,30000,-50.82129,-5.416823,419732864,0,,,,,,,,,,,,,,,,
,3706108739.0275,3.00010275840759,-0.0244221389293671,,,6.171802,0.004258148,-0.1676795,,,18.31055,2.94912,1,0,0.006171826,0.006171799,-1.806219E-05,,,,,,300,-49.51763,-20.72468,,,,,,,,,,,,,,,,,,,,,520396672,0,,,,,,,,,,,,,,,,
,3706108739.21999,2.99964094161987,-0.0244221389293671,,,,,,,,,,,,,,,,,,,,,,,0.05035594,0.0005129556,0.03011528,,,21.3623,2.995932,1,0,5.03552E-05,5.035519E-05,2.646723E-08,,,,,,30000,-33.05264,-5.590422,520396672,0,,,,,,,,,,,,,,,,
,3706108743.50748,3.00017356872559,-0.0732664167881012,,,,,,,,,,,,,,,,,,,,,,,0.05036679,0.0004411248,0.04233003,,,21.3623,2.995932,1,0,5.036606E-05,5.036604E-05,3.721036E-08,,,,,,30000,-36.82886,-5.554996,520396672,0,,,,,,,,,,,,,,,,
,3706108747.79977,3.00044274330139,-0.0244221389293671,,,6.172051,0.004195041,-0.1660523,,,18.31055,2.94912,1,0,0.006172075,0.006172049,-1.788763E-05,,,,,,300,-49.69179,-20.71478,,,,,,,,,,,,,,,,,,,,,520396672,0,,,,,,,,,,,,,,,,
,3706108748.69744,3.0002384185791,0.0122110694646835,,,,,,,,,,,,,,,,,,,,,,,0.05037088,0.0005156109,0.04007598,,,21.3623,2.995932,1,0,5.037014E-05,5.037013E-05,3.523179E-08,,,,,,30000,-38.50126,-5.488958,520396672,0,,,,,,,,,,,,,,,,
,3706108755.11372,2.99994325637817,-0.0122110694646835,,,6.174239,0.003815237,-0.1646397,,,18.31055,2.94912,1,0,0.006174262,0.006174237,-1.774175E-05,,,,,,300,-51.07825,-20.76348,,,,,,,,,,,,,,,,,,,,,117742464,0,,,,,,,,,,,,,,,,
,3706108868.08885,3.1997697353363,-0.0122110694646835,,,6.1468,0.00470421,-0.157024,,,18.31055,2.94912,1,0,0.006146821,0.006146797,-1.684587E-05,,,,,,300,-52.64855,-20.82213,,,,,,,,,,,,,,,,,,,,,520396672,0,,,,,,,,,,,,,,,,
,3706108868.24188,3.20003962516785,-0.0244221389293671,,,,,,,,,,,,,,,,,,,,,,,0.05222642,0.000565992,0.1031491,,,21.3623,2.995932,1,0,5.222573E-05,5.222565E-05,9.402144E-08,,,,,,30000,-37.96611,-5.356171,520396672,0,,,,,,,,,,,,,,,,
,3706108873.82864,3.20027327537537,0,,,6.145535,0.004999892,-0.155505,,,18.31055,2.94912,1,0,0.006145555,0.006145532,-1.667947E-05,,,,,,300,-55.67257,-20.76878,,,,,,,,,,,,,,,,,,,,,520396672,0,,,,,,,,,,,,,,,,
,3706108874.15867,3.19975447654724,-0.0488442778587341,,,,,,,,,,,,,,,,,,,,,,,0.05185067,0.0005411877,0.03189135,,,21.3623,2.995932,1,0,5.184991E-05,5.18499E-05,2.886013E-08,,,,,,30000,-46.45254,-5.466524,520396672,0,,,,,,,,,,,,,,,,
,3706108877.95887,3.20024013519287,-0.0122110694646835,,,6.146569,0.004633994,-0.1551168,,,18.31055,2.94912,1,0,0.006146588,0.006146566,-1.664063E-05,,,,,,300,-55.41931,-20.75603,,,,,,,,,,,,,,,,,,,,,520396672,0,,,,,,,,,,,,,,,,
,3706108884.43863,3.20012903213501,-0.0122110694646835,,,,,,,,,,,,,,,,,,,,,,,0.05233325,0.0006021181,0.01163455,,,21.3623,2.995932,1,0,5.233247E-05,5.233247E-05,1.062669E-08,,,,,,30000,-40.16897,-5.394626,419732864,0,,,,,,,,,,,,,,,,
,3706108980.19727,3.40020298957825,-0.0488442778587341,,,6.126983,0.002723674,-0.1434939,,,18.31055,2.94912,1,0,0.006127,0.006126981,-1.53447E-05,,,,,,300,-50.42847,-20.77527,,,,,,,,,,,,,,,,,,,,,520396672,0,,,,,,,,,,,,,,,,
,3706108980.39094,3.40022945404053,-0.109899625182152,,,,,,,,,,,,,,,,,,,,,,,0.05081657,0.0004660452,0.08861184,,,21.3623,2.995932,1,0,5.081588E-05,5.081582E-05,7.85902E-08,,,,,,30000,-38.67266,-5.510677,520396672,0,,,,,,,,,,,,,,,,
,3706108980.58113,3.40022945404053,-0.0976885557174683,,,6.126983,0.002723674,-0.1434939,,,18.31055,2.94912,1,0,0.006127,0.006126981,-1.53447E-05,,,,,,300,-50.42847,-20.77527,,,,,,,,,,,,,,,,,,,,,520396672,0,,,,,,,,,,,,,,,,
,3706108990.36833,3.40021014213562,-0.0244221389293671,,,6.130376,0.002361234,-0.1427525,,,18.31055,2.94912,1,0,0.006130393,0.006130374,-1.527387E-05,,,,,,300,-53.33222,-20.79649,,,,,,,,,,,,,,,,,,,,,520396672,0,,,,,,,,,,,,,,,,
,3706108996.88478,3.40006923675537,-0.0854774862527847,,,,,,,,,,,,,,,,,,,,,,,0.0503164,0.0004963614,-0.002197922,,,21.3623,2.995932,1,0,5.031565E-05,5.031565E-05,-1.930157E-09,,,,,,30000,-36.80466,-5.632551,419732864,0,,,,,,,,,,,,,,,,
,3706108997.15452,3.40006923675537,-0.0732664167881012,,,,,,,,,,,,,,,,,,,,,,,0.05059321,0.0003970747,0.004869617,,,21.3623,2.995932,1,0,5.059246E-05,5.059246E-05,4.299896E-09,,,,,,30000,-41.18574,-5.530471,419732864,0,,,,,,,,,,,,,,,,
,3706109093.76867,3.59996771812439,-0.0610553435981274,,,6.077353,0.003543416,-0.1230696,,,18.31055,2.94912,1,0,0.006077365,0.006077351,-1.305398E-05,,,,,,300,-51.61301,-20.99529,,,,,,,,,,,,,,,,,,,,,520396672,0,,,,,,,,,,,,,,,,
,3706109093.96253,3.60012197494507,-0.0244221389293671,,,,,,,,,,,,,,,,,,,,,,,0.05180494,0.0004388973,0.03292216,,,21.3623,2.995932,1,0,5.180417E-05,5.180417E-05,2.976668E-08,,,,,,30000,-35.92276,-5.47348,520396672,0,,,,,,,,,,,,,,,,
,3706109109.44956,3.59959244728088,-0.0976885557174683,,,6.081653,0.006945581,-0.1295077,,,18.31055,2.94912,1,0,0.006081666,0.00608165,-1.37466E-05,,,,,,300,-51.15467,-20.96711,,,,,,,,,,,,,,,,,,,,,520396672,0,,,,,,,,,,,,,,,,
,3706109110.04007,3.59967350959778,-0.122110687196255,,,,,,,,,,,,,,,,,,,,,,,0.0516326,0.0005746662,0.02324258,,,21.3623,2.995932,1,0,5.163184E-05,5.163184E-05,2.094495E-08,,,,,,30000,-51.30804,-5.656565,520396672,0,,,,,,,,,,,,,,,,
,3706109114.72948,3.60020780563354,-0.0732664167881012,,,6.080019,0.002008024,-0.1233494,,,18.31055,2.94912,1,0,0.00608003,0.006080016,-1.30894E-05,,,,,,300,-48.57145,-21.02571,,,,,,,,,,,,,,,,,,,,,520396672,0,,,,,,,,,,,,,,,,
,3706109121.25573,3.59982204437256,-0.0976885557174683,,,,,,,,,,,,,,,,,,,,,,,0.05187935,0.0003985248,-0.004176387,,,21.3623,2.995932,1,0,5.187858E-05,5.187858E-05,-3.781518E-09,,,,,,30000,-33.82628,-5.76478,419732864,0,,,,,,,,,,,,,,,,
,3706109236.15086,3.79984402656555,-0.0854774862527847,,,6.040582,0.009765124,-0.1045824,,,18.31055,2.94912,1,0,0.006040589,0.006040579,-1.102592E-05,,,,,,300,-52.65651,-21.02452,,,,,,,,,,,,,,,,,,,,,520396672,0,,,,,,,,,,,,,,,,
,3706109236.34438,3.79984402656555,-0.0854774862527847,,,,,,,,,,,,,,,,,,,,,,,0.05102093,0.0004268895,0.1090795,,,21.3623,2.995932,1,0,5.102027E-05,5.102018E-05,9.713218E-08,,,,,,30000,-34.96891,-5.619037,520396672,0,,,,,,,,,,,,,,,,
,3706109241.74087,3.80011200904846,-0.0732664167881012,,,6.039972,0.01024226,-0.09843694,,,18.31055,2.94912,1,0,0.006039978,0.00603997,-1.037697E-05,,,,,,300,-49.71403,-21.09147,,,,,,,,,,,,,,,,,,,,,520396672,0,,,,,,,,,,,,,,,,
,3706109242.09085,3.80011200904846,-0.0122110694646835,,,,,,,,,,,,,,,,,,,,,,,0.0517541,0.0004304664,0.1141414,,,21.3623,2.995932,1,0,5.175344E-05,5.175333E-05,1.031002E-07,,,,,,30000,-45.03,-5.572003,520396672,0,,,,,,,,,,,,,,,,
,3706109245.78086,3.80012631416321,-0.0366332083940506,,,6.038752,0.01003665,-0.1111178,,,18.31055,2.94912,1,0,0.00603876,0.006038749,-1.17114E-05,,,,,,300,-52.47132,-21.0024,,,,,,,,,,,,,,,,,,,,,520396672,0,,,,,,,,,,,,,,,,
,3706109252.26763,3.79992294311523,-0.0366332083940506,,,,,,,,,,,,,,,,,,,,,,,0.05040354,0.0006174672,0.06653515,,,21.3623,2.995932,1,0,5.040282E-05,5.040279E-05,5.853064E-08,,,,,,30000,-28.14183,-5.798704,419732864,0,,,,,,,,,,,,,,,,
,3706109347.55927,4.0002293586731,0.0244221389293671,,,5.992173,0.01004572,-0.1026591,,,18.31055,2.94912,1,0,0.005992181,0.005992171,-1.073642E-05,,,,,,300,-52.39153,-21.19192,,,,,,,,,,,,,,,,,,,,,520396672,0,,,,,,,,,,,,,,,,
,3706109347.75329,4.0002908706665,0.0122110694646835,,,,,,,,,,,,,,,,,,,,,,,0.0535676,0.0004071039,0.050119,,,21.3623,2.995932,1,0,5.356683E-05,5.35668E-05,4.685712E-08,,,,,,30000,-29.63959,-5.493234,520396672,0,,,,,,,,,,,,,,,,
,3706109358.40027,3.99973106384277,0.0366332083940506,,,5.986054,0.003781309,-0.1254188,,,18.31055,2.94912,1,0,0.005986067,0.005986052,-1.310332E-05,,,,,,300,-52.20506,-21.06023,,,,,,,,,,,,,,,,,,,,,520396672,0,,,,,,,,,,,,,,,,
,3706109358.60306,3.99973106384277,0.0488442778587341,,,,,,,,,,,,,,,,,,,,,,,0.05190335,0.000396011,0.06015451,,,21.3623,2.995932,1,0,5.190261E-05,5.190258E-05,5.449224E-08,,,,,,30000,-31.49367,-5.570948,520396672,0,,,,,,,,,,,,,,,,
,3706109363.89022,3.99993896484375,-0.0244221389293671,,,5.989182,0.006033099,-0.11042,,,18.31055,2.94912,1,0,0.005989191,0.00598918,-1.154232E-05,,,,,,300,-51.74905,-21.09914,,,,,,,,,,,,,,,,,,,,,520396672,0,,,,,,,,,,,,,,,,
,3706109370.38724,3.99992704391479,0.0366332083940506,,,,,,,,,,,,,,,,,,,,,,,0.05280481,0.0003933414,0.06208435,,,21.3623,2.995932,1,0,5.280406E-05,5.280403E-05,5.721722E-08,,,,,,30000,-29.27993,-5.616977,419732864,0,,,,,,,,,,,,,,,,
,3706109466.71076,4.19936656951904,0.0488442778587341,,,5.943178,0.009171295,-0.08314495,,,18.31055,2.94912,1,0,0.005943181,0.005943175,-8.624464E-06,,,,,,300,-52.25378,-21.35742,,,,,,,,,,,,,,,,,,,,,520396672,0,,,,,,,,,,,,,,,,
,3706109466.90225,4.19960308074951,0.0488442778587341,,,,,,,,,,,,,,,,,,,,,,,0.05315337,0.0002903144,0.09973647,,,21.3623,2.995932,1,0,5.315266E-05,5.315258E-05,9.252436E-08,,,,,,30000,-31.4612,-5.610449,520396672,0,,,,,,,,,,,,,,,,
,3706109467.10453,4.19960308074951,0.0244221389293671,,,5.943178,0.009171295,-0.08314495,,,18.31055,2.94912,1,0,0.005943181,0.005943175,-8.624464E-06,,,,,,300,-52.25378,-21.35742,,,,,,,,,,,,,,,,,,,,,520396672,0,,,,,,,,,,,,,,,,
,3706109472.39168,4.2001314163208,0.0732664167881012,,,5.942651,0.008063906,-0.08535248,,,18.31055,2.94912,1,0,0.005942655,0.005942649,-8.852662E-06,,,,,,300,-52.50008,-21.33632,,,,,,,,,,,,,,,,,,,,,520396672,0,,,,,,,,,,,,,,,,
,3706109478.85854,4.19972324371338,0.0122110694646835,,,,,,,,,,,,,,,,,,,,,,,0.054129,0.0004581245,0.05333307,,,21.3623,2.995932,1,0,5.412821E-05,5.412819E-05,5.038457E-08,,,,,,30000,-28.08093,-5.390413,419732864,0,,,,,,,,,,,,,,,,
,3706109484.72295,4.2005090713501,0.0488442778587341,,,,,,,,,,,,,,,,,,,,,,,0.05355755,0.0005261632,0.07337081,,,21.3623,2.995932,1,0,5.35568E-05,5.355676E-05,6.858279E-08,,,,,,30000,-29.63825,-5.532763,419732864,0,,,,,,,,,,,,,,,,
,3706109579.95301,4.40018892288208,0.0488442778587341,,,5.891735,0.001599628,-0.06973708,,,18.31055,2.94912,1,0,0.005891736,0.005891732,-7.171076E-06,,,,,,300,-49.84643,-21.48763,,,,,,,,,,,,,,,,,,,,,520396672,0,,,,,,,,,,,,,,,,
,3706109580.15601,4.40032863616943,0.0488442778587341,,,,,,,,,,,,,,,,,,,,,,,0.05402384,0.0005443225,0.05347872,,,21.3623,2.995932,1,0,5.402306E-05,5.402304E-05,5.042402E-08,,,,,,30000,-26.47283,-5.500186,520396672,0,,,,,,,,,,,,,,,,
,3706109592.95306,4.4001727104187,0.0610553435981274,,,5.89473,0.007986236,-0.07139286,,,18.31055,2.94912,1,0,0.005894732,0.005894728,-7.345072E-06,,,,,,300,-50.64724,-21.4579,,,,,,,,,,,,,,,,,,,,,520396672,0,,,,,,,,,,,,,,,,
,3706109593.15604,4.4001727104187,0.0366332083940506,,,,,,,,,,,,,,,,,,,,,,,0.05301634,0.0005154833,0.02322931,,,21.3623,2.995932,1,0,5.301556E-05,5.301555E-05,2.149399E-08,,,,,,30000,-28.56867,-5.558686,520396672,0,,,,,,,,,,,,,,,,
,3706109598.35308,4.40026426315308,0.0366332083940506,,,5.894052,0.007556933,-0.07204538,,,18.31055,2.94912,1,0,0.005894054,0.00589405,-7.411353E-06,,,,,,300,-50.01866,-21.47518,,,,,,,,,,,,,,,,,,,,,520396672,0,,,,,,,,,,,,,,,,
,3706109604.89076,4.39918088912964,0.0610553435981274,,,,,,,,,,,,,,,,,,,,,,,0.05393203,0.0007320991,0.007766028,,,21.3623,2.995932,1,0,5.393123E-05,5.393123E-05,7.309987E-09,,,,,,30000,-28.75791,-5.405533,419732864,0,,,,,,,,,,,,,,,,
,3706109702.20604,4.59980773925781,0.109899625182152,,,,,,,,,,,,,,,,,,,,,,,0.05418856,0.0004409257,0.01737102,,,21.3623,2.995932,1,0,5.418776E-05,5.418776E-05,1.642873E-08,,,,,,30000,-32.46286,-5.527389,520396672,0,,,,,,,,,,,,,,,,
,3706109702.39477,4.59980773925781,0.0488442778587341,,,5.842767,0.001623895,-0.05699612,,,18.31055,2.94912,1,0,0.005842768,0.005842765,-5.812209E-06,,,,,,300,-51.43385,-21.49289,,,,,,,,,,,,,,,,,,,,,520396672,0,,,,,,,,,,,,,,,,
,3706109702.58541,4.59980773925781,0.0610553435981274,,,,,,,,,,,,,,,,,,,,,,,0.05418856,0.0004409257,0.01737102,,,21.3623,2.995932,1,0,5.418776E-05,5.418776E-05,1.642873E-08,,,,,,30000,-32.46286,-5.527389,520396672,0,,,,,,,,,,,,,,,,
,3706109702.78548,4.59999847412109,0.0976885557174683,,,5.842767,0.001623895,-0.05699612,,,18.31055,2.94912,1,0,0.005842768,0.005842765,-5.812209E-06,,,,,,300,-51.43385,-21.49289,,,,,,,,,,,,,,,,,,,,,520396672,0,,,,,,,,,,,,,,,,
,3706109702.98537,4.59977769851685,0.0854774862527847,,,,,,,,,,,,,,,,,,,,,,,0.05418856,0.0004409257,0.01737102,,,21.3623,2.995932,1,0,5.418776E-05,5.418776E-05,1.642873E-08,,,,,,30000,-32.46286,-5.527389,520396672,0,,,,,,,,,,,,,,,,
,3706109715.17245,4.60003995895386,0.0854774862527847,,,5.846225,0.004322902,-0.05629166,,,18.31055,2.94912,1,0,0.005846226,0.005846223,-5.743768E-06,,,,,,300,-51.35569,-21.46902,,,,,,,,,,,,,,,,,,,,,117742464,0,,,,,,,,,,,,,,,,
,3706109811.83107,4.79977607727051,0.0366332083940506,,,5.784798,0.005762661,-0.0425659,,,18.31055,2.94912,1,0,0.005784797,0.005784795,-4.297613E-06,,,,,,300,-51.01163,-21.71187,,,,,,,,,,,,,,,,,,,,,520396672,0,,,,,,,,,,,,,,,,
,3706109827.0238,4.79949951171875,0.0244221389293671,,,5.785854,0.005330669,-0.04334139,,,18.31055,2.94912,1,0,0.005785853,0.005785851,-4.376709E-06,,,,,,300,-51.36356,-21.76083,,,,,,,,,,,,,,,,,,,,,520396672,0,,,,,,,,,,,,,,,,
,3706109827.21671,4.79952955245972,0.0366332083940506,,,,,,,,,,,,,,,,,,,,,,,0.05480006,0.0004185866,0.08808664,,,21.3623,2.995932,1,0,5.479931E-05,5.479924E-05,8.424853E-08,,,,,,30000,-44.95255,-5.802622,520396672,0,,,,,,,,,,,,,,,,
,3706109832.5138,4.80062103271484,0.0976885557174683,,,5.785367,0.004986607,-0.04082744,,,18.31055,2.94912,1,0,0.005785366,0.005785364,-4.122496E-06,,,,,,300,-50.93395,-21.75468,,,,,,,,,,,,,,,,,,,,,520396672,0,,,,,,,,,,,,,,,,
,3706109839.01983,4.79944324493408,0.0732664167881012,,,,,,,,,,,,,,,,,,,,,,,0.05458228,0.0002913895,0.1068705,,,21.3623,2.995932,1,0,5.458157E-05,5.458147E-05,1.018078E-07,,,,,,30000,-39.36971,-5.798892,419732864,0,,,,,,,,,,,,,,,,
,3706109839.29106,4.80012226104736,0.0854774862527847,,,,,,,,,,,,,,,,,,,,,,,0.05460545,0.0003908883,0.09539658,,,21.3623,2.995932,1,0,5.460471E-05,5.460464E-05,9.091595E-08,,,,,,30000,-41.40325,-5.864112,419732864,0,,,,,,,,,,,,,,,,
,3706109935.91247,4.99976062774658,0.0366332083940506,,,5.721868,0.002127032,-0.03769477,,,18.31055,2.94912,1,0,0.005721867,0.005721865,-3.764404E-06,,,,,,300,-51.24538,-21.99688,,,,,,,,,,,,,,,,,,,,,520396672,0,,,,,,,,,,,,,,,,
,3706109936.1061,4.99976062774658,0.0366332083940506,,,,,,,,,,,,,,,,,,,,,,,0.05580208,0.0003844995,0.08210257,,,21.3623,2.995932,1,0,5.580131E-05,5.580125E-05,7.996103E-08,,,,,,30000,-39.95201,-5.889001,520396672,0,,,,,,,,,,,,,,,,
,3706109936.29585,5.00010585784912,0,,,5.721868,0.002127032,-0.03769477,,,18.31055,2.94912,1,0,0.005721867,0.005721865,-3.764404E-06,,,,,,300,-51.24538,-21.99688,,,,,,,,,,,,,,,,,,,,,520396672,0,,,,,,,,,,,,,,,,
,3706109936.49618,5.00010585784912,0.0610553435981274,,,,,,,,,,,,,,,,,,,,,,,0.05580208,0.0003844995,0.08210257,,,21.3623,2.995932,1,0,5.580131E-05,5.580125E-05,7.996103E-08,,,,,,30000,-39.95201,-5.889001,520396672,0,,,,,,,,,,,,,,,,
,3706109941.48324,5.0003867149353,0.0488442778587341,,,5.721553,0.002212707,-0.03698744,,,18.31055,2.94912,1,0,0.005721552,0.005721551,-3.693563E-06,,,,,,300,-51.52691,-21.98943,,,,,,,,,,,,,,,,,,,,,520396672,0,,,,,,,,,,,,,,,,
,3706109947.99851,4.99952602386475,0.0122110694646835,,,,,,,,,,,,,,,,,,,,,,,0.05562846,0.0004042639,0.08527747,,,21.3623,2.995932,1,0,5.562769E-05,5.562763E-05,8.279471E-08,,,,,,30000,-37.4548,-5.927865,419732864,0,,,,,,,,,,,,,,,,
,3706110065.27259,5.20042371749878,-0.0244221389293671,,,5.667848,0.004701493,-0.01644921,,,18.31055,2.94912,1,0,0.005667846,0.005667845,-1.627198E-06,,,,,,300,-52.76211,-22.31893,,,,,,,,,,,,,,,,,,,,,520396672,0,,,,,,,,,,,,,,,,
,3706110065.46549,5.20001459121704,0.0122110694646835,,,,,,,,,,,,,,,,,,,,,,,0.05672444,0.0002726092,0.09858989,,,21.3623,2.995932,1,0,5.672369E-05,5.67236E-05,9.760543E-08,,,,,,30000,-33.22086,-5.79289,520396672,0,,,,,,,,,,,,,,,,
,3706110069.05296,5.19943809509277,-0.0366332083940506,,,5.66665,0.005330538,-0.02191405,,,18.31055,2.94912,1,0,0.005666649,0.005666648,-2.167337E-06,,,,,,300,-53.78284,-22.2516,,,,,,,,,,,,,,,,,,,,,520396672,0,,,,,,,,,,,,,,,,
,3706110069.95265,5.19982814788818,-0.0366332083940506,,,,,,,,,,,,,,,,,,,,,,,0.05670903,0.0003241358,0.09339674,,,21.3623,2.995932,1,0,5.670826E-05,5.670818E-05,9.2439E-08,,,,,,30000,-37.55251,-5.735343,520396672,0,,,,,,,,,,,,,,,,
,3706110074.55256,5.20055341720581,-0.0366332083940506,,,5.668574,0.003453539,-0.02017712,,,18.31055,2.94912,1,0,0.005668572,0.005668572,-1.996229E-06,,,,,,300,-53.55381,-22.2953,,,,,,,,,,,,,,,,,,,,,520396672,0,,,,,,,,,,,,,,,,
,3706110081.09702,5.19989633560181,-0.0610553435981274,,,,,,,,,,,,,,,,,,,,,,,0.05627616,0.000390909,0.1017005,,,21.3623,2.995932,1,0,5.627542E-05,5.627533E-05,9.98893E-08,,,,,,30000,-35.78569,-5.73785,419732864,0,,,,,,,,,,,,,,,,
,3706110195.86194,5.39984178543091,-0.0366332083940506,,,5.612983,0.008082896,-0.007478754,,,18.31055,2.94912,1,0,0.005612981,0.005612981,-7.326561E-07,,,,,,300,-51.04994,-22.47192,,,,,,,,,,,,,,,,,,,,,520396672,0,,,,,,,,,,,,,,,,
,3706110196.06491,5.39932346343994,-0.0122110694646835,,,,,,,,,,,,,,,,,,,,,,,0.05677607,0.0003422727,0.0258535,,,21.3623,2.995932,1,0,5.677523E-05,5.677522E-05,2.561861E-08,,,,,,30000,-36.55953,-5.67666,520396672,0,,,,,,,,,,,,,,,,
,3706110201.06196,5.40027046203613,-0.0122110694646835,,,5.61222,0.008963154,-0.00590614,,,18.31055,2.94912,1,0,0.005612217,0.005612217,-5.785162E-07,,,,,,300,-50.85875,-22.46531,,,,,,,,,,,,,,,,,,,,,520396672,0,,,,,,,,,,,,,,,,
,3706110201.2547,5.40023374557495,-0.0122110694646835,,,,,,,,,,,,,,,,,,,,,,,0.05689693,0.000460852,0.06585143,,,21.3623,2.995932,1,0,5.689612E-05,5.689609E-05,6.539208E-08,,,,,,30000,-37.73517,-5.649498,520396672,0,,,,,,,,,,,,,,,,
,3706110204.95191,5.40011596679688,0.0122110694646835,,,5.613437,0.008163548,-0.007121535,,,18.31055,2.94912,1,0,0.005613435,0.005613435,-6.977177E-07,,,,,,300,-50.77201,-22.46765,,,,,,,,,,,,,,,,,,,,,520396672,0,,,,,,,,,,,,,,,,
,3706110211.45943,5.39964628219604,-0.0122110694646835,,,,,,,,,,,,,,,,,,,,,,,0.05641348,0.000499745,0.01499992,,,21.3623,2.995932,1,0,5.641265E-05,5.641264E-05,1.476872E-08,,,,,,30000,-40.71396,-5.702289,419732864,0,,,,,,,,,,,,,,,,
,3706110309.08056,5.5999002456665,0.0244221389293671,,,5.560248,0.004083224,0.00717108,,,18.31055,2.94912,1,0,0.005560246,0.005560246,6.959145E-07,,,,,,300,-53.8535,-22.56254,,,,,,,,,,,,,,,,,,,,,520396672,0,,,,,,,,,,,,,,,,
,3706110309.27387,5.5999002456665,0.0610553435981274,,,,,,,,,,,,,,,,,,,,,,,0.05889095,0.0006060342,0.03499452,,,21.3623,2.995932,1,0,5.889009E-05,5.889008E-05,3.596827E-08,,,,,,30000,-33.00209,-5.593501,520396672,0,,,,,,,,,,,,,,,,
,3706110321.2613,5.6003212928772,0,,,5.560112,0.000900271,0.006479665,,,18.31055,2.94912,1,0,0.005560109,0.005560109,6.28801E-07,,,,,,300,-52.53149,-22.66449,,,,,,,,,,,,,,,,,,,,,520396672,0,,,,,,,,,,,,,,,,
,3706110321.45924,5.6003212928772,-0.0122110694646835,,,,,,,,,,,,,,,,,,,,,,,0.05931415,0.0002519161,0.0893218,,,21.3623,2.995932,1,0,5.931334E-05,5.931327E-05,9.246706E-08,,,,,,30000,-35.35303,-5.427641,520396672,0,,,,,,,,,,,,,,,,
,3706110326.55122,5.60061931610107,0.0122110694646835,,,5.561006,0.005407727,0.003458082,,,18.31055,2.94912,1,0,0.005561003,0.005561003,3.356339E-07,,,,,,300,-53.14508,-22.65396,,,,,,,,,,,,,,,,,,,,,520396672,0,,,,,,,,,,,,,,,,
,3706110333.05801,5.59958362579346,0.0244221389293671,,,,,,,,,,,,,,,,,,,,,,,0.05882815,0.000455303,0.09169408,,,21.3623,2.995932,1,0,5.882735E-05,5.882727E-05,9.414511E-08,,,,,,30000,-37.04493,-5.551998,419732864,0,,,,,,,,,,,,,,,,
,3706110430.62177,5.80031681060791,0.0244221389293671,,,5.504894,0.001906129,0.01386585,,,18.31055,2.94912,1,0,0.005504891,0.005504891,1.33221E-06,,,,,,300,-54.40033,-22.83117,,,,,,,,,,,,,,,,,,,,,520396672,0,,,,,,,,,,,,,,,,
,3706110430.82566,5.80031681060791,0.0732664167881012,,,,,,,,,,,,,,,,,,,,,,,0.05992976,0.0002627454,0.03033843,,,21.3623,2.995932,1,0,5.992888E-05,5.992887E-05,3.173267E-08,,,,,,30000,-46.32604,-5.581472,520396672,0,,,,,,,,,,,,,,,,
,3706110431.01726,5.80031681060791,0.0854774862527847,,,5.506184,0.002273735,0.01283731,,,18.31055,2.94912,1,0,0.005506181,0.005506181,1.233679E-06,,,,,,300,-54.20414,-22.84486,,,,,,,,,,,,,,,,,,,,,520396672,0,,,,,,,,,,,,,,,,
,3706110431.20732,5.79973697662354,0.0488442778587341,,,,,,,,,,,,,,,,,,,,,,,0.05992976,0.0002627454,0.03033843,,,21.3623,2.995932,1,0,5.992888E-05,5.992887E-05,3.173267E-08,,,,,,30000,-46.32604,-5.581472,520396672,0,,,,,,,,,,,,,,,,
,3706110431.40759,5.80023527145386,0.0244221389293671,,,5.506184,0.002273735,0.01283731,,,18.31055,2.94912,1,0,0.005506181,0.005506181,1.233679E-06,,,,,,300,-54.20414,-22.84486,,,,,,,,,,,,,,,,,,,,,520396672,0,,,,,,,,,,,,,,,,
,3706110442.28461,5.80038595199585,0.0366332083940506,,,,,,,,,,,,,,,,,,,,,,,0.05990604,0.0003846567,-0.006961391,,,21.3623,2.995932,1,0,5.990515E-05,5.990515E-05,-7.278427E-09,,,,,,30000,-33.38751,-5.599426,419732864,0,,,,,,,,,,,,,,,,
,3706110538.82333,6.00004959106445,-0.0976885557174683,,,5.445144,0.007992066,0.01946768,,,18.31055,2.94912,1,0,0.005445142,0.005445142,1.850123E-06,,,,,,300,-53.78037,-23.19455,,,,,,,,,,,,,,,,,,,,,520396672,0,,,,,,,,,,,,,,,,
,3706110552.23409,5.99969387054443,-0.0610553435981274,,,5.449306,0.006604874,0.01688652,,,18.31055,2.94912,1,0,0.005449304,0.005449303,1.606049E-06,,,,,,300,-59.09582,-23.11164,,,,,,,,,,,,,,,,,,,,,520396672,0,,,,,,,,,,,,,,,,
,3706110552.42684,5.99950981140137,-0.0732664167881012,,,,,,,,,,,,,,,,,,,,,,,0.06489477,0.0003345141,0.1750975,,,21.3623,2.995932,1,0,6.489411E-05,6.48938E-05,1.983179E-07,,,,,,30000,-36.76875,-4.987599,520396672,0,,,,,,,,,,,,,,,,
,3706110557.91397,5.99901390075684,-0.0732664167881012,,,5.450616,0.003143708,0.01748091,,,18.31055,2.94912,1,0,0.005450615,0.005450614,1.66298E-06,,,,,,300,-58.88975,-23.09294,,,,,,,,,,,,,,,,,,,,,520396672,0,,,,,,,,,,,,,,,,
,3706110564.40465,5.99938488006592,-0.0610553435981274,,,,,,,,,,,,,,,,,,,,,,,0.06420569,0.0004043477,0.1325885,,,21.3623,2.995932,1,0,6.420491E-05,6.420474E-05,1.485769E-07,,,,,,30000,-29.53536,-5.004441,419732864,0,,,,,,,,,,,,,,,,
,3706110564.77664,5.99953937530518,-0.0854774862527847,,,,,,,,,,,,,,,,,,,,,,,0.06389628,0.0002874731,0.1628256,,,21.3623,2.995932,1,0,6.389559E-05,6.389534E-05,1.81581E-07,,,,,,30000,-29.36198,-5.075169,419732864,0,,,,,,,,,,,,,,,,
,3706110660.37453,6.200110912323,-0.0854774862527847,,,5.396492,0.006591563,0.02454413,,,18.31055,2.94912,1,0,0.005396491,0.00539649,2.311726E-06,,,,,,300,-61.88648,-23.24103,,,,,,,,,,,,,,,,,,,,,520396672,0,,,,,,,,,,,,,,,,
,3706110660.57831,6.200110912323,-0.0488442778587341,,,,,,,,,,,,,,,,,,,,,,,0.06628992,0.0003497571,0.1345668,,,21.3623,2.995932,1,0,6.628912E-05,6.628894E-05,1.556887E-07,,,,,,30000,-38.12915,-5.295498,520396672,0,,,,,,,,,,,,,,,,
,3706110660.76835,6.19986486434937,-0.0610553435981274,,,5.396492,0.006591563,0.02454413,,,18.31055,2.94912,1,0,0.005396491,0.00539649,2.311726E-06,,,,,,300,-61.88648,-23.24103,,,,,,,,,,,,,,,,,,,,,520396672,0,,,,,,,,,,,,,,,,
,3706110660.95584,6.20014667510986,-0.0732664167881012,,,,,,,,,,,,,,,,,,,,,,,0.06628992,0.0003497571,0.1345668,,,21.3623,2.995932,1,0,6.628912E-05,6.628894E-05,1.556887E-07,,,,,,30000,-38.12915,-5.295498,520396672,0,,,,,,,,,,,,,,,,
,3706110661.15837,6.20014667510986,-0.0854774862527847,,,5.396492,0.006591563,0.02454413,,,18.31055,2.94912,1,0,0.005396491,0.00539649,2.311726E-06,,,,,,300,-61.88648,-23.24103,,,,,,,,,,,,,,,,,,,,,520396672,0,,,,,,,,,,,,,,,,
,3706110672.95537,6.20048475265503,-0.146532833576202,,,,,,,,,,,,,,,,,,,,,,,0.06774049,0.0003876009,0.001830128,,,21.3623,2.995932,1,0,6.773948E-05,6.773948E-05,2.163718E-09,,,,,,30000,-55.25804,-5.144577,419732864,0,,,,,,,,,,,,,,,,
,3706110771.14422,6.39967823028564,-0.146532833576202,,,5.339285,0.002254517,0.03461012,,,18.31055,2.94912,1,0,0.005339284,0.005339283,3.225251E-06,,,,,,300,-55.80204,-23.81256,,,,,,,,,,,,,,,,,,,,,520396672,0,,,,,,,,,,,,,,,,
,3706110785.94506,6.399986743927,-0.268643528223038,,,5.339232,0.00198237,0.02666552,,,18.31055,2.94912,1,0,0.00533923,0.00533923,2.484883E-06,,,,,,300,-57.74152,-23.61938,,,,,,,,,,,,,,,,,,,,,520396672,0,,,,,,,,,,,,,,,,
,3706110786.13656,6.399986743927,-0.268643528223038,,,,,,,,,,,,,,,,,,,,,,,0.066112,0.0002006514,0.05063026,,,21.3623,2.995932,1,0,6.611105E-05,6.611102E-05,5.841999E-08,,,,,,30000,-48.84871,-5.124413,520396672,0,,,,,,,,,,,,,,,,
,3706110791.02482,6.40003252029419,-0.256432443857193,,,5.338402,0.002137012,0.02929852,,,18.31055,2.94912,1,0,0.0053384,0.0053384,2.729821E-06,,,,,,300,-57.81563,-23.62439,,,,,,,,,,,,,,,,,,,,,520396672,0,,,,,,,,,,,,,,,,
,3706110797.50089,6.39944982528687,-0.268643528223038,,,,,,,,,,,,,,,,,,,,,,,0.06640182,0.0006105599,0.006554485,,,21.3623,2.995932,1,0,6.640084E-05,6.640084E-05,7.596079E-09,,,,,,30000,-38.62782,-5.154143,419732864,0,,,,,,,,,,,,,,,,
,3706110797.76251,6.39944982528687,-0.293065667152405,,,,,,,,,,,,,,,,,,,,,,,0.06686172,0.0006184921,0.008808026,,,21.3623,2.995932,1,0,6.686072E-05,6.686072E-05,1.027844E-08,,,,,,30000,-36.69284,-5.116961,419732864,0,,,,,,,,,,,,,,,,
,3706110895.28328,6.60024547576904,-0.183166027069092,,,5.287611,0.003484599,0.03239698,,,18.31055,2.94912,1,0,0.00528761,0.005287609,2.989794E-06,,,,,,300,-60.79586,-23.9783,,,,,,,,,,,,,,,,,,,,,520396672,0,,,,,,,,,,,,,,,,
,3706110895.48721,6.60024547576904,-0.183166027069092,,,,,,,,,,,,,,,,,,,,,,,0.06931354,0.0003264037,0.03334188,,,21.3623,2.995932,1,0,6.931253E-05,6.931251E-05,4.033473E-08,,,,,,30000,-44.07178,-5.174606,520396672,0,,,,,,,,,,,,,,,,
,3706110895.67711,6.60024547576904,-0.232010304927826,,,5.286911,0.004331193,0.03172394,,,18.31055,2.94912,1,0,0.00528691,0.005286909,2.927294E-06,,,,,,300,-63.9661,-23.95464,,,,,,,,,,,,,,,,,,,,,520396672,0,,,,,,,,,,,,,,,,
,3706110895.86445,6.59991264343262,-0.158743903040886,,,,,,,,,,,,,,,,,,,,,,,0.06931354,0.0003264037,0.03334188,,,21.3623,2.995932,1,0,6.931253E-05,6.931251E-05,4.033473E-08,,,,,,30000,-44.07178,-5.174606,520396672,0,,,,,,,,,,,,,,,,
,3706110896.05717,6.59991264343262,-0.158743903040886,,,5.286911,0.004331193,0.03172394,,,18.31055,2.94912,1,0,0.00528691,0.005286909,2.927294E-06,,,,,,300,-63.9661,-23.95464,,,,,,,,,,,,,,,,,,,,,520396672,0,,,,,,,,,,,,,,,,
,3706110902.52683,6.59955835342407,-0.146532833576202,,,,,,,,,,,,,,,,,,,,,,,0.06980262,0.000505791,0.02089369,,,21.3623,2.995932,1,0,6.980159E-05,6.980158E-05,2.54541E-08,,,,,,30000,-39.94303,-5.198008,419732864,0,,,,,,,,,,,,,,,,
,3706110999.30298,6.80017614364624,-0.170954972505569,,,,,,,,,,,,,,,,,,,,,,,0.07310563,0.0006171729,0.1049664,,,21.3623,2.995932,1,0,7.310467E-05,7.310454E-05,1.339284E-07,,,,,,30000,-37.99153,-4.847795,520396672,0,,,,,,,,,,,,,,,,
,3706111013.40371,6.79962348937988,-0.170954972505569,,,5.240563,0.003883216,0.02916604,,,18.31055,2.94912,1,0,0.005240561,0.005240561,2.667673E-06,,,,,,300,-63.12176,-24.16634,,,,,,,,,,,,,,,,,,,,,520396672,0,,,,,,,,,,,,,,,,
,3706111013.55654,6.79962348937988,-0.158743903040886,,,,,,,,,,,,,,,,,,,,,,,0.07344718,0.0003995008,0.02035775,,,21.3623,2.995932,1,0,7.34461E-05,7.344609E-05,2.609611E-08,,,,,,30000,-36.1209,-4.833868,520396672,0,,,,,,,,,,,,,,,,
,3706111018.54366,6.79981756210327,-0.183166027069092,,,5.238266,0.004663254,0.03037151,,,18.31055,2.94912,1,0,0.005238264,0.005238263,2.776714E-06,,,,,,300,-58.06785,-24.21412,,,,,,,,,,,,,,,,,,,,,520396672,0,,,,,,,,,,,,,,,,
,3706111018.94377,6.79981756210327,-0.170954972505569,,,,,,,,,,,,,,,,,,,,,,,0.07263494,0.0007989333,0.1218859,,,21.3623,2.995932,1,0,7.263402E-05,7.263385E-05,1.54515E-07,,,,,,30000,-39.34199,-4.915488,520396672,0,,,,,,,,,,,,,,,,
,3706111025.33004,6.80027294158936,-0.183166027069092,,,5.238489,0.002791492,0.02661698,,,18.31055,2.94912,1,0,0.005238487,0.005238487,2.43356E-06,,,,,,300,-57.83375,-24.18913,,,,,,,,,,,,,,,,,,,,,117742464,0,,,,,,,,,,,,,,,,
,3706111122.7043,6.99994897842407,-0.20758818089962,,,5.199234,0.0009211301,0.03394662,,,18.31055,2.94912,1,0,0.005199233,0.005199232,3.080443E-06,,,,,,300,-67.01347,-24.42749,,,,,,,,,,,,,,,,,,,,,516202368,0,,,,,,,,,,,,,,,,
,3706111122.8954,7.00015163421631,-0.170954972505569,,,,,,,,,,,,,,,,,,,,,,,0.07615638,0.0007685754,0.02447639,,,21.3623,2.995932,1,0,7.615525E-05,7.615524E-05,3.253303E-08,,,,,,9000,-51.66048,-15.26336,516202368,0,,,,,,,,,,,,,,,,
,3706111123.08796,6.999915599823,-0.158743903040886,,,5.199234,0.0009211301,0.03394662,,,18.31055,2.94912,1,0,0.005199233,0.005199232,3.080443E-06,,,,,,300,-67.01347,-24.42749,,,,,,,,,,,,,,,,,,,,,516202368,0,,,,,,,,,,,,,,,,
,3706111123.28768,6.999915599823,-0.183166027069092,,,,,,,,,,,,,,,,,,,,,,,0.07615638,0.0007685754,0.02447639,,,21.3623,2.995932,1,0,7.615525E-05,7.615524E-05,3.253303E-08,,,,,,9000,-51.66048,-15.26336,516202368,0,,,,,,,,,,,,,,,,
,3706111123.48791,6.999915599823,-0.195377111434937,,,5.199234,0.0009211301,0.03394662,,,18.31055,2.94912,1,0,0.005199233,0.005199232,3.080443E-06,,,,,,300,-67.01347,-24.42749,,,,,,,,,,,,,,,,,,,,,516202368,0,,,,,,,,,,,,,,,,
,3706111130.10524,6.99954414367676,-0.158743903040886,,,,,,,,,,,,,,,,,,,,,,,0.07564065,0.0007718417,0.05676984,,,21.3623,2.995932,1,0,7.563956E-05,7.563952E-05,7.494522E-08,,,,,,30000,-31.01369,-4.918061,419732864,0,,,,,,,,,,,,,,,,
,3706111242.47495,7.20092391967773,-0.0732664167881012,,,5.163493,0.005461681,0.04304691,,,18.31055,2.94912,1,0,0.005163492,0.00516349,3.879384E-06,,,,,,300,-71.2774,-24.74242,,,,,,,,,,,,,,,,,,,,,516202368,0,,,,,,,,,,,,,,,,
,3706111242.62479,7.20092391967773,-0.0610553435981274,,,,,,,,,,,,,,,,,,,,,,,0.08045203,0.001158124,0.06185488,,,21.3623,2.995932,1,0,8.045088E-05,8.045084E-05,8.685245E-08,,,,,,9000,-50.01092,-15.19049,516202368,0,,,,,,,,,,,,,,,,
,3706111247.9144,7.2006311416626,-0.0610553435981274,,,5.162807,0.006920697,0.03998207,,,18.31055,2.94912,1,0,0.005162806,0.005162805,3.602702E-06,,,,,,300,-71.06818,-24.77133,,,,,,,,,,,,,,,,,,,,,516202368,0,,,,,,,,,,,,,,,,
,3706111248.30448,7.2006311416626,-0.0976885557174683,,,,,,,,,,,,,,,,,,,,,,,0.07941332,0.0009577933,0.07705473,,,21.3623,2.995932,1,0,7.941221E-05,7.941214E-05,1.067982E-07,,,,,,9000,-60.07581,-15.20132,516202368,0,,,,,,,,,,,,,,,,
,3706111253.59453,7.19983148574829,-0.0732664167881012,,,5.163173,0.006222103,0.03919761,,,18.31055,2.94912,1,0,0.005163172,0.005163171,3.532267E-06,,,,,,300,-69.70331,-24.76131,,,,,,,,,,,,,,,,,,,,,516202368,0,,,,,,,,,,,,,,,,
,3706111260.05528,7.19966268539429,-0.0610553435981274,,,,,,,,,,,,,,,,,,,,,,,0.07951971,0.0008491344,0.05633467,,,21.3623,2.995932,1,0,7.951857E-05,7.951853E-05,7.818468E-08,,,,,,9000,-49.0984,-15.12335,415538560,0,,,,,,,,,,,,,,,,
,3706111357.75315,7.39954423904419,-0.170954972505569,,,5.126944,0.0004562555,0.0409647,,,18.31055,2.94912,1,0,0.005126943,0.005126941,3.665605E-06,,,,,,300,-69.39376,-24.90642,,,,,,,,,,,,,,,,,,,,,516202368,0,,,,,,,,,,,,,,,,
,3706111357.94416,7.39960384368896,-0.183166027069092,,,,,,,,,,,,,,,,,,,,,,,0.08439768,0.0004812122,0.04122055,,,21.3623,2.995932,1,0,8.439645E-05,8.439643E-05,6.071769E-08,,,,,,9000,-60.57915,-15.02887,516202368,0,,,,,,,,,,,,,,,,
,3706111358.13872,7.39962244033813,-0.183166027069092,,,5.126944,0.0004562555,0.0409647,,,18.31055,2.94912,1,0,0.005126943,0.005126941,3.665605E-06,,,,,,300,-69.39376,-24.90642,,,,,,,,,,,,,,,,,,,,,516202368,0,,,,,,,,,,,,,,,,
,3706111367.13586,7.40009307861328,-0.183166027069092,,,5.12665,0.0005856666,0.04078485,,,18.31055,2.94912,1,0,0.00512665,0.005126648,3.649302E-06,,,,,,300,-68.1423,-24.9059,,,,,,,,,,,,,,,,,,,,,516202368,0,,,,,,,,,,,,,,,,
,3706111373.67304,7.39924430847168,-0.134321764111519,,,,,,,,,,,,,,,,,,,,,,,0.08429775,0.0005037139,0.01032122,,,21.3623,2.995932,1,0,8.429649E-05,8.429649E-05,1.518512E-08,,,,,,9000,-48.88741,-15.12974,415538560,0,,,,,,,,,,,,,,,,
,3706111373.94262,7.39960145950317,-0.146532833576202,,,,,,,,,,,,,,,,,,,,,,,0.08410928,0.000672442,0.0159431,,,21.3623,2.995932,1,0,8.410803E-05,8.410803E-05,2.340387E-08,,,,,,9000,-47.24821,-15.09859,415538560,0,,,,,,,,,,,,,,,,
,3706111472.36441,7.60006046295166,-0.0610553435981274,,,,,,,,,,,,,,,,,,,,,,,0.08905564,0.0008595653,0.03789759,,,21.3623,2.995932,1,0,8.905434E-05,8.905432E-05,5.89039E-08,,,,,,9000,-44.25362,-14.89911,516202368,0,,,,,,,,,,,,,,,,
,3706111472.5577,7.60003519058228,-0.0732664167881012,,,5.097787,0.002796276,0.04592382,,,18.31055,2.94912,1,0,0.005097787,0.005097785,4.085987E-06,,,,,,300,-72.33054,-25.22157,,,,,,,,,,,,,,,,,,,,,516202368,0,,,,,,,,,,,,,,,,
,3706111472.74812,7.60003519058228,-0.0488442778587341,,,,,,,,,,,,,,,,,,,,,,,0.08905564,0.0008595653,0.03789759,,,21.3623,2.995932,1,0,8.905434E-05,8.905432E-05,5.89039E-08,,,,,,9000,-44.25362,-14.89911,516202368,0,,,,,,,,,,,,,,,,
,3706111488.62536,7.60051870346069,-0.0854774862527847,,,5.098204,0.0003553347,0.04638701,,,18.31055,2.94912,1,0,0.005098204,0.005098202,4.127536E-06,,,,,,300,-68.13329,-25.26924,,,,,,,,,,,,,,,,,,,,,516202368,0,,,,,,,,,,,,,,,,
,3706111489.41529,7.60025262832642,-0.0488442778587341,,,,,,,,,,,,,,,,,,,,,,,0.08938684,0.0007151741,0.04425259,,,21.3623,2.995932,1,0,8.938555E-05,8.938552E-05,6.903723E-08,,,,,,9000,-45.24736,-14.86598,516202368,0,,,,,,,,,,,,,,,,
,3706111505.01514,7.59999132156372,-0.0488442778587341,,,5.096833,0.003985607,0.0439283,,,18.31055,2.94912,1,0,0.005096832,0.005096831,3.907708E-06,,,,,,300,-68.43698,-25.23951,,,,,,,,,,,,,,,,,,,,,113548160,0,,,,,,,,,,,,,,,,
,3706111625.41451,7.79987573623657,-0.134321764111519,,,5.059826,0.0006710049,0.04001919,,,18.31055,2.94912,1,0,0.005059826,0.005059824,3.534119E-06,,,,,,300,-61.40123,-25.60756,,,,,,,,,,,,,,,,,,,,,516202368,0,,,,,,,,,,,,,,,,
,3706111626.30445,7.7998423576355,-0.158743903040886,,,,,,,,,,,,,,,,,,,,,,,0.09489514,0.0007531595,0.02327162,,,21.3623,2.995932,1,0,9.489374E-05,9.489373E-05,3.854264E-08,,,,,,9000,-60.41564,-14.59019,516202368,0,,,,,,,,,,,,,,,,
,3706111631.19479,7.79934692382813,-0.20758818089962,,,5.060028,0.0003930551,0.04005194,,,18.31055,2.94912,1,0,0.005060027,0.005060025,3.537152E-06,,,,,,300,-61.34727,-25.63065,,,,,,,,,,,,,,,,,,,,,516202368,0,,,,,,,,,,,,,,,,
,3706111632.08452,7.79957437515259,-0.158743903040886,,,,,,,,,,,,,,,,,,,,,,,0.09496997,0.0006773678,0.04289596,,,21.3623,2.995932,1,0,9.496859E-05,9.496856E-05,7.110067E-08,,,,,,9000,-59.24494,-14.57712,516202368,0,,,,,,,,,,,,,,,,
,3706111636.87448,7.8002028465271,-0.195377111434937,,,5.058831,0.0006627755,0.03815857,,,18.31055,2.94912,1,0,0.00505883,0.005058829,3.369143E-06,,,,,,300,-61.88229,-25.60156,,,,,,,,,,,,,,,,,,,,,516202368,0,,,,,,,,,,,,,,,,
,3706111643.37067,7.79896545410156,-0.146532833576202,,,,,,,,,,,,,,,,,,,,,,,0.09404588,0.0005168895,0.04820673,,,21.3623,2.995932,1,0,9.404452E-05,9.404448E-05,7.912586E-08,,,,,,9000,-60.20023,-14.40539,415538560,0,,,,,,,,,,,,,,,,
,3706111766.43378,8.00048542022705,-0.146532833576202,,,5.041993,0.005728538,0.03794355,,,18.31055,2.94912,1,0,0.005041991,0.00504199,3.339008E-06,,,,,,300,-69.74557,-25.85035,,,,,,,,,,,,,,,,,,,,,516202368,0,,,,,,,,,,,,,,,,
,3706111767.3241,7.99983072280884,-0.146532833576202,,,,,,,,,,,,,,,,,,,,,,,0.102195,0.0008281907,0.007998186,,,21.3623,2.995932,1,0,0.0001021935,0.0001021935,1.426567E-08,,,,,,9000,-58.497,-14.42992,516202368,0,,,,,,,,,,,,,,,,
,3706111772.02374,7.99882221221924,-0.134321764111519,,,5.043407,0.006411281,0.03811732,,,18.31055,2.94912,1,0,0.005043406,0.005043405,3.35524E-06,,,,,,300,-72.66178,-25.86315,,,,,,,,,,,,,,,,,,,,,516202368,0,,,,,,,,,,,,,,,,
,3706111772.91393,7.99931287765503,-0.158743903040886,,,,,,,,,,,,,,,,,,,,,,,0.1015751,0.0004155644,0.0327454,,,21.3623,2.995932,1,0,0.0001015736,0.0001015736,5.805085E-08,,,,,,9000,-79.99998,-14.49473,516202368,0,,,,,,,,,,,,,,,,
,3706111777.30381,7.99983882904053,-0.158743903040886,,,5.041593,0.004440993,0.03732115,,,18.31055,2.94912,1,0,0.005041592,0.005041591,3.283977E-06,,,,,,300,-69.97308,-25.84795,,,,,,,,,,,,,,,,,,,,,516202368,0,,,,,,,,,,,,,,,,
,3706111783.80064,8.00001621246338,-0.170954972505569,,,,,,,,,,,,,,,,,,,,,,,0.1013562,0.0003558271,0.02694709,,,21.3623,2.995932,1,0,0.0001013547,0.0001013547,4.766869E-08,,,,,,9000,-50.10168,-14.47062,415538560,0,,,,,,,,,,,,,,,,
,3706111903.09312,8.20009613037109,-0.183166027069092,,,5.022582,0.005304832,0.04416442,,,18.31055,2.94912,1,0,0.005022581,0.005022579,3.871477E-06,,,,,,300,-64.99516,-26.22263,,,,,,,,,,,,,,,,,,,,,516202368,0,,,,,,,,,,,,,,,,
,3706111903.98298,8.19988250732422,-0.20758818089962,,,,,,,,,,,,,,,,,,,,,,,0.1073454,0.0007412815,0.04510899,,,21.3623,2.995932,1,0,0.0001073438,0.0001073438,8.451181E-08,,,,,,9000,-43.60565,-14.0508,516202368,0,,,,,,,,,,,,,,,,
,3706111908.87305,8.20024108886719,-0.20758818089962,,,5.022402,0.004835255,0.04384638,,,18.31055,2.94912,1,0,0.005022401,0.0050224,3.843461E-06,,,,,,300,-64.63004,-26.22452,,,,,,,,,,,,,,,,,,,,,516202368,0,,,,,,,,,,,,,,,,
,3706111909.67306,8.20031642913818,-0.195377111434937,,,,,,,,,,,,,,,,,,,,,,,0.1073691,0.000650525,0.050283,,,21.3623,2.995932,1,0,0.0001073675,0.0001073675,9.422615E-08,,,,,,9000,-43.81256,-14.0533,516202368,0,,,,,,,,,,,,,,,,
,3706111914.46299,8.20029926300049,-0.20758818089962,,,5.022429,0.003592997,0.04475521,,,18.31055,2.94912,1,0,0.005022429,0.005022428,3.923148E-06,,,,,,300,-65.96501,-26.21516,,,,,,,,,,,,,,,,,,,,,516202368,0,,,,,,,,,,,,,,,,
,3706111920.95913,8.19947052001953,-0.20758818089962,,,,,,,,,,,,,,,,,,,,,,,0.1071196,0.0004854523,0.05551034,,,21.3623,2.995932,1,0,0.0001071181,0.0001071181,1.037801E-07,,,,,,9000,-45.47886,-14.07049,415538560,0,,,,,,,,,,,,,,,,
,3706112037.02231,8.40031242370605,-0.0976885557174683,,,,,,,,,,,,,,,,,,,,,,,0.119027,0.0007164298,0.04428622,,,21.3623,2.995932,1,0,0.0001190253,0.0001190253,9.199945E-08,,,,,,9000,-42.65096,-13.27106,516202368,0,,,,,,,,,,,,,,,,
,3706112041.82226,8.39994812011719,-0.109899625182152,,,5.003999,0.002099346,0.03489914,,,18.31055,2.94912,1,0,0.005003998,0.005003997,3.047959E-06,,,,,,300,-67.27624,-26.54963,,,,,,,,,,,,,,,,,,,,,516202368,0,,,,,,,,,,,,,,,,
,3706112042.62235,8.40012836456299,-0.134321764111519,,,,,,,,,,,,,,,,,,,,,,,0.1182837,0.001086266,0.04713927,,,21.3623,2.995932,1,0,0.0001182819,0.0001182819,9.731473E-08,,,,,,9000,-44.33352,-13.27629,516202368,0,,,,,,,,,,,,,,,,
,3706112047.21235,8.39970207214355,-0.170954972505569,,,5.003645,0.0009088403,0.03784523,,,18.31055,2.94912,1,0,0.005003644,0.005003643,3.305026E-06,,,,,,300,-67.51852,-26.53185,,,,,,,,,,,,,,,,,,,,,516202368,0,,,,,,,,,,,,,,,,
,3706112048.2023,8.39997863769531,-0.0976885557174683,,,,,,,,,,,,,,,,,,,,,,,0.118189,0.0005007547,0.04127662,,,21.3623,2.995932,1,0,0.0001181873,0.0001181873,8.514364E-08,,,,,,9000,-44.55112,-13.22043,516202368,0,,,,,,,,,,,,,,,,
,3706112054.62827,8.40025043487549,-0.134321764111519,,,5.002754,0.0003298623,0.03891324,,,18.31055,2.94912,1,0,0.005002753,0.005002752,3.39769E-06,,,,,,300,-65.2355,-26.55542,,,,,,,,,,,,,,,,,,,,,113548160,0,,,,,,,,,,,,,,,,
,3706112171.90165,8.5997314453125,-0.109899625182152,,,4.993806,0.006906792,0.04158552,,,18.31055,2.94912,1,0,0.004993805,0.004993804,3.624525E-06,,,,,,300,-73.67186,-26.73452,,,,,,,,,,,,,,,,,,,,,516202368,0,,,,,,,,,,,,,,,,
,3706112172.10415,8.59996223449707,-0.134321764111519,,,,,,,,,,,,,,,,,,,,,,,0.1258511,0.000714621,0.1167521,,,21.3623,2.995932,1,0,0.0001258494,0.0001258492,2.564444E-07,,,,,,9000,-50.55291,-13.19953,516202368,0,,,,,,,,,,,,,,,,
,3706112175.69171,8.5999813079834,-0.146532833576202,,,4.993114,0.007659969,0.04274322,,,18.31055,2.94912,1,0,0.004993113,0.004993112,3.724911E-06,,,,,,300,-72.01225,-26.72185,,,,,,,,,,,,,,,,,,,,,516202368,0,,,,,,,,,,,,,,,,
,3706112176.59178,8.59980869293213,-0.0976885557174683,,,,,,,,,,,,,,,,,,,,,,,0.1257925,0.0006450381,0.09440953,,,21.3623,2.995932,1,0,0.0001257908,0.0001257906,2.072725E-07,,,,,,9000,-48.46302,-13.17922,516202368,0,,,,,,,,,,,,,,,,
,3706112181.1816,8.60004615783691,-0.0976885557174683,,,4.993128,0.007027477,0.04262149,,,18.31055,2.94912,1,0,0.004993127,0.004993126,3.714314E-06,,,,,,300,-70.83121,-26.73238,,,,,,,,,,,,,,,,,,,,,516202368,0,,,,,,,,,,,,,,,,
,3706112187.73765,8.59908294677734,-0.134321764111519,,,,,,,,,,,,,,,,,,,,,,,0.126691,0.000597318,0.07179712,,,21.3623,2.995932,1,0,0.0001266892,0.0001266891,1.587537E-07,,,,,,9000,-51.42519,-13.13615,415538560,0,,,,,,,,,,,,,,,,
,3706112306.06109,8.80046367645264,-0.0122110694646835,,,4.981023,0.002760923,0.04740173,,,18.31055,2.94912,1,0,0.004981023,0.004981021,4.12088E-06,,,,,,300,-75.8319,-27.02189,,,,,,,,,,,,,,,,,,,,,516202368,0,,,,,,,,,,,,,,,,
,3706112306.26409,8.80046367645264,-0.0488442778587341,,,,,,,,,,,,,,,,,,,,,,,0.1347021,0.0004117416,0.0270317,,,21.3623,2.995932,1,0,0.0001347001,0.0001347001,6.355042E-08,,,,,,9000,-64.6952,-12.82873,516202368,0,,,,,,,,,,,,,,,,
,3706112309.75122,8.80034160614014,-0.0244221389293671,,,4.981012,0.002749484,0.04694358,,,18.31055,2.94912,1,0,0.004981012,0.00498101,4.081042E-06,,,,,,300,-75.70201,-27.02076,,,,,,,,,,,,,,,,,,,,,516202368,0,,,,,,,,,,,,,,,,
,3706112310.65107,8.8005313873291,0,,,,,,,,,,,,,,,,,,,,,,,0.1345668,0.0003498106,0.01174506,,,21.3623,2.995932,1,0,0.0001345648,0.0001345648,2.758443E-08,,,,,,9000,-62.13709,-12.82451,516202368,0,,,,,,,,,,,,,,,,
,3706112315.34102,8.80015182495117,-0.0122110694646835,,,4.981011,0.002693695,0.04632549,,,18.31055,2.94912,1,0,0.004981011,0.004981009,4.027308E-06,,,,,,300,-77.21826,-27.00822,,,,,,,,,,,,,,,,,,,,,516202368,0,,,,,,,,,,,,,,,,
,3706112321.87879,8.7994327545166,-0.0244221389293671,,,,,,,,,,,,,,,,,,,,,,,0.1348849,0.0003079345,0.03141036,,,21.3623,2.995932,1,0,0.0001348829,0.0001348829,7.394473E-08,,,,,,9000,-71.94167,-12.79742,415538560,0,,,,,,,,,,,,,,,,
,3706112435.24248,9.00009918212891,-0.0244221389293671,,,4.986884,0.0003237067,0.04009981,,,18.31055,2.94912,1,0,0.004986883,0.004986882,3.490188E-06,,,,,,300,-72.13012,-27.30089,,,,,,,,,,,,,,,,,,,,,516202368,0,,,,,,,,,,,,,,,,
,3706112435.43482,9.00009918212891,0,,,,,,,,,,,,,,,,,,,,,,,0.1486324,0.0007775078,0.0338861,,,21.3623,2.995932,1,0,0.0001486303,0.0001486302,8.790351E-08,,,,,,9000,-50.72869,-12.74052,516202368,0,,,,,,,,,,,,,,,,
,3706112440.7223,8.99968147277832,-0.0122110694646835,,,4.986924,0.0004293114,0.04111123,,,18.31055,2.94912,1,0,0.004986924,0.004986922,3.578248E-06,,,,,,300,-74.84013,-27.32154,,,,,,,,,,,,,,,,,,,,,516202368,0,,,,,,,,,,,,,,,,
,3706112441.11229,8.9998254776001,-0.0122110694646835,,,,,,,,,,,,,,,,,,,,,,,0.1483631,0.00076895,0.02398426,,,21.3623,2.995932,1,0,0.0001483609,0.0001483609,6.21045E-08,,,,,,9000,-56.70029,-12.71763,516202368,0,,,,,,,,,,,,,,,,
,3706112446.30231,8.99995231628418,0.0122110694646835,,,4.986745,0.0004199463,0.04042254,,,18.31055,2.94912,1,0,0.004986744,0.004986743,3.51818E-06,,,,,,300,-75.00243,-27.3163,,,,,,,,,,,,,,,,,,,,,516202368,0,,,,,,,,,,,,,,,,
,3706112452.83606,8.99970531463623,-0.0244221389293671,,,,,,,,,,,,,,,,,,,,,,,0.1486584,0.0006956123,0.0598006,,,21.3623,2.995932,1,0,0.0001486562,0.0001486562,1.551551E-07,,,,,,9000,-50.07551,-12.77131,415538560,0,,,,,,,,,,,,,,,,
,3706112549.69257,9.19965934753418,-0.0366332083940506,,,4.992122,0.0002359314,0.0439859,,,18.31055,2.94912,1,0,0.004992121,0.00499212,3.832445E-06,,,,,,300,-78.34928,-27.52897,,,,,,,,,,,,,,,,,,,,,516202368,0,,,,,,,,,,,,,,,,
,3706112549.88625,9.19965934753418,-0.0488442778587341,,,,,,,,,,,,,,,,,,,,,,,0.1617965,0.000621686,0.03680618,,,21.3623,2.995932,1,0,0.0001617941,0.0001617941,1.039348E-07,,,,,,9000,-42.90557,-12.52573,516202368,0,,,,,,,,,,,,,,,,
,3706112550.07616,9.19969367980957,-0.0366332083940506,,,4.992122,0.0002359314,0.0439859,,,18.31055,2.94912,1,0,0.004992121,0.00499212,3.832445E-06,,,,,,300,-78.34928,-27.52897,,,,,,,,,,,,,,,,,,,,,516202368,0,,,,,,,,,,,,,,,,
,3706112550.26425,9.19961547851563,0.0122110694646835,,,,,,,,,,,,,,,,,,,,,,,0.1617965,0.000621686,0.03680618,,,21.3623,2.995932,1,0,0.0001617941,0.0001617941,1.039348E-07,,,,,,9000,-42.90557,-12.52573,516202368,0,,,,,,,,,,,,,,,,
,3706112556.95349,9.19977283477783,-0.0366332083940506,,,4.991591,0.0003447261,0.04464897,,,18.31055,2.94912,1,0,0.004991591,0.004991589,3.889804E-06,,,,,,300,-80.96097,-27.55469,,,,,,,,,,,,,,,,,,,,,516202368,0,,,,,,,,,,,,,,,,
,3706112563.43547,9.19999027252197,-0.183166027069092,,,,,,,,,,,,,,,,,,,,,,,0.1618153,0.0006486136,0.03030894,,,21.3623,2.995932,1,0,0.0001618129,0.0001618129,8.559754E-08,,,,,,9000,-44.22969,-12.59033,415538560,0,,,,,,,,,,,,,,,,
,3706112662.29234,9.40014171600342,-0.146532833576202,,,,,,,,,,,,,,,,,,,,,,,0.1769355,0.000458082,0.04437575,,,21.3623,2.995932,1,0,0.000176933,0.0001769329,1.370351E-07,,,,,,9000,-46.04502,-12.33112,516202368,0,,,,,,,,,,,,,,,,
,3706112684.9932,9.39942932128906,-0.0732664167881012,,,5.000216,0.0003339737,0.0443706,,,18.31055,2.94912,1,0,0.005000215,0.005000214,3.872232E-06,,,,,,300,-73.03963,-28.01048,,,,,,,,,,,,,,,,,,,,,516202368,0,,,,,,,,,,,,,,,,
,3706112685.79302,9.39981555938721,-0.122110687196255,,,,,,,,,,,,,,,,,,,,,,,0.176965,0.0004408388,0.04213944,,,21.3623,2.995932,1,0,0.0001769624,0.0001769623,1.301509E-07,,,,,,9000,-47.28912,-12.31201,516202368,0,,,,,,,,,,,,,,,,
,3706112690.49179,9.40047550201416,-0.109899625182152,,,5.000226,0.001439844,0.04319631,,,18.31055,2.94912,1,0,0.005000226,0.005000224,3.769759E-06,,,,,,300,-73.69911,-28.00002,,,,,,,,,,,,,,,,,,,,,516202368,0,,,,,,,,,,,,,,,,
,3706112691.49292,9.40057182312012,-0.134321764111519,,,,,,,,,,,,,,,,,,,,,,,0.1769531,0.0004593926,0.05368883,,,21.3623,2.995932,1,0,0.0001769506,0.0001769505,1.658109E-07,,,,,,9000,-44.81919,-12.34892,516202368,0,,,,,,,,,,,,,,,,
,3706112697.91985,9.40006542205811,-0.0976885557174683,,,5.001618,0.003789597,0.04190264,,,18.31055,2.94912,1,0,0.005001617,0.005001616,3.657878E-06,,,,,,300,-73.30095,-27.98968,,,,,,,,,,,,,,,,,,,,,113548160,0,,,,,,,,,,,,,,,,
,3706112820.35441,9.60044574737549,-0.134321764111519,,,5.023359,0.003748414,0.04426355,,,18.31055,2.94912,1,0,0.005023358,0.005023357,3.880769E-06,,,,,,300,-78.66065,-28.21395,,,,,,,,,,,,,,,,,,,,,516202368,0,,,,,,,,,,,,,,,,
,3706112821.15427,9.60058689117432,-0.183166027069092,,,,,,,,,,,,,,,,,,,,,,,0.1958582,0.0002967967,0.05640092,,,21.3623,2.995932,1,0,0.0001958553,0.0001958552,1.927964E-07,,,,,,9000,-52.61792,-12.26597,516202368,0,,,,,,,,,,,,,,,,
,3706112826.04438,9.60098838806152,-0.0732664167881012,,,5.024152,0.0007520292,0.04189391,,,18.31055,2.94912,1,0,0.005024151,0.00502415,3.673592E-06,,,,,,300,-77.41252,-28.21613,,,,,,,,,,,,,,,,,,,,,516202368,0,,,,,,,,,,,,,,,,
,3706112826.94408,9.60086441040039,-0.0854774862527847,,,,,,,,,,,,,,,,,,,,,,,0.1958957,0.0002836047,0.07129571,,,21.3623,2.995932,1,0,0.0001958929,0.0001958928,2.437583E-07,,,,,,9000,-55.74864,-12.18746,516202368,0,,,,,,,,,,,,,,,,
,3706112831.63423,9.60109806060791,-0.0854774862527847,,,5.023737,0.0004048723,0.04142806,,,18.31055,2.94912,1,0,0.005023736,0.005023735,3.632442E-06,,,,,,300,-73.83056,-28.2313,,,,,,,,,,,,,,,,,,,,,516202368,0,,,,,,,,,,,,,,,,
,3706112838.13045,9.59974765777588,-0.109899625182152,,,,,,,,,,,,,,,,,,,,,,,0.1958828,0.0002749869,0.04855897,,,21.3623,2.995932,1,0,0.0001958799,0.0001958799,1.660109E-07,,,,,,9000,-60.74656,-12.18207,415538560,0,,,,,,,,,,,,,,,,
,3706112947.29375,9.80058670043945,-0.109899625182152,,,5.047813,0.0002137037,0.04414706,,,18.31055,2.94912,1,0,0.005047813,0.005047811,3.889397E-06,,,,,,300,-67.93555,-28.47958,,,,,,,,,,,,,,,,,,,,,516202368,0,,,,,,,,,,,,,,,,
,3706112947.48399,9.80058670043945,-0.134321764111519,,,,,,,,,,,,,,,,,,,,,,,0.2156698,0.0005953168,0.05249659,,,21.3623,2.995932,1,0,0.0002156667,0.0002156666,1.976021E-07,,,,,,9000,-48.65263,-12.1361,516202368,0,,,,,,,,,,,,,,,,
,3706112956.77378,9.80044746398926,-0.122110687196255,,,5.047765,0.0003739826,0.04456437,,,18.31055,2.94912,1,0,0.005047765,0.005047763,3.926125E-06,,,,,,300,-67.26603,-28.48074,,,,,,,,,,,,,,,,,,,,,516202368,0,,,,,,,,,,,,,,,,
,3706112957.66352,9.80039882659912,-0.0854774862527847,,,,,,,,,,,,,,,,,,,,,,,0.2152146,0.0008480226,0.05605288,,,21.3623,2.995932,1,0,0.0002152115,0.0002152114,2.105429E-07,,,,,,9000,-49.6577,-12.18297,516202368,0,,,,,,,,,,,,,,,,
,3706112962.57355,9.80098533630371,-0.0732664167881012,,,5.048048,0.0002894968,0.0444626,,,18.31055,2.94912,1,0,0.005048047,0.005048046,3.917379E-06,,,,,,300,-67.93212,-28.48483,,,,,,,,,,,,,,,,,,,,,516202368,0,,,,,,,,,,,,,,,,
,3706112969.05047,9.79969596862793,-0.0976885557174683,,,,,,,,,,,,,,,,,,,,,,,0.2151695,0.0008086222,0.05523269,,,21.3623,2.995932,1,0,0.0002151664,0.0002151663,2.074187E-07,,,,,,9000,-48.27641,-12.16444,415538560,0,,,,,,,,,,,,,,,,
,3706113086.31323,10.0002613067627,-0.0488442778587341,,,5.088451,0.008602256,0.0501314,,,18.31055,2.94912,1,0,0.005088451,0.005088449,4.45218E-06,,,,,,300,-71.37444,-29.05331,,,,,,,,,,,,,,,,,,,,,512008064,0,,,,,,,,,,,,,,,,
,3706113086.50322,9.9999475479126,-0.0488442778587341,,,,,,,,,,,,,,,,,,,,,,,0.2386978,0.0001328972,0.05564312,,,21.3623,2.995932,1,0,0.0002386944,0.0002386942,2.318093E-07,,,,,,3000,-57.92622,-21.53427,512008064,0,,,,,,,,,,,,,,,,
,3706113090.89289,10.0005187988281,-0.0610553435981274,,,,,,,,,,,,,,,,,,,,,,,0.2386366,0.0007211401,0.04866494,,,21.3623,2.995932,1,0,0.0002386331,0.000238633,2.026862E-07,,,,,,3000,-57.6074,-21.46684,512008064,0,,,,,,,,,,,,,,,,
,3706113095.3929,10.0010080337524,-0.0976885557174683,,,5.088291,0.008724097,0.04862231,,,18.31055,2.94912,1,0,0.005088291,0.005088289,4.318022E-06,,,,,,300,-71.02268,-29.04006,,,,,,,,,,,,,,,,,,,,,512008064,0,,,,,,,,,,,,,,,,
,3706113096.4828,10.0005025863647,-0.0732664167881012,,,,,,,,,,,,,,,,,,,,,,,0.2386883,0.0001788201,0.04937882,,,21.3623,2.995932,1,0,0.0002386849,0.0002386848,2.057041E-07,,,,,,3000,-58.46312,-21.46988,512008064,0,,,,,,,,,,,,,,,,
,3706113102.82961,9.99992084503174,-0.122110687196255,,,5.088476,0.007483012,0.04819214,,,18.31055,2.94912,1,0,0.005088476,0.005088474,4.279975E-06,,,,,,300,-69.29725,-29.02225,,,,,,,,,,,,,,,,,,,,,109353856,0,,,,,,,,,,,,,,,,
,3706113190.0113,10.2009086608887,-0.183166027069092,,,5.147289,0.0002488566,0.04111487,,,18.31055,2.94912,1,0,0.005147289,0.005147287,3.693642E-06,,,,,,300,-73.0399,-29.38408,,,,,,,,,,,,,,,,,,,,,512008064,0,,,,,,,,,,,,,,,,
,3706113190.21274,10.2006864547729,-0.170954972505569,,,,,,,,,,,,,,,,,,,,,,,0.2692649,0.001426077,0.05187868,,,21.3623,2.995932,1,0,0.000269261,0.0002692609,2.438033E-07,,,,,,3000,-66.65518,-21.31664,512008064,0,,,,,,,,,,,,,,,,
,3706113190.40521,10.20046043396,-0.183166027069092,,,5.147289,0.0002488566,0.04111487,,,18.31055,2.94912,1,0,0.005147289,0.005147287,3.693642E-06,,,,,,300,-73.0399,-29.38408,,,,,,,,,,,,,,,,,,,,,512008064,0,,,,,,,,,,,,,,,,
,3706113190.59414,10.20046043396,-0.146532833576202,,,,,,,,,,,,,,,,,,,,,,,0.2692649,0.001426077,0.05187868,,,21.3623,2.995932,1,0,0.000269261,0.0002692609,2.438033E-07,,,,,,3000,-66.65518,-21.31664,512008064,0,,,,,,,,,,,,,,,,
,3706113196.68233,10.1996517181396,-0.122110687196255,,,5.146744,0.0002427272,0.04257391,,,18.31055,2.94912,1,0,0.005146743,0.005146741,3.824312E-06,,,,,,300,-72.8595,-29.3619,,,,,,,,,,,,,,,,,,,,,512008064,0,,,,,,,,,,,,,,,,
,3706113203.11746,10.1995220184326,-0.170954972505569,,,,,,,,,,,,,,,,,,,,,,,0.2685132,0.001697697,0.06057362,,,21.3623,2.995932,1,0,0.0002685093,0.0002685092,2.838704E-07,,,,,,3000,-63.14834,-21.34131,411344256,0,,,,,,,,,,,,,,,,
,3706113308.07176,10.400185585022,-0.158743903040886,,,5.224814,0.0001924823,0.04202739,,,18.31055,2.94912,1,0,0.005224813,0.005224812,3.832485E-06,,,,,,300,-88.06299,-29.9049,,,,,,,,,,,,,,,,,,,,,512008064,0,,,,,,,,,,,,,,,,
,3706113308.26215,10.400185585022,-0.134321764111519,,,,,,,,,,,,,,,,,,,,,,,0.3047988,0.0004184252,0.06134491,,,21.3623,2.995932,1,0,0.0003047945,0.0003047943,3.263344E-07,,,,,,3000,-58.66316,-21.0538,512008064,0,,,,,,,,,,,,,,,,
,3706113313.25178,10.4001398086548,-0.122110687196255,,,5.224961,0.0001637375,0.04202633,,,18.31055,2.94912,1,0,0.00522496,0.005224959,3.832497E-06,,,,,,300,-79.97201,-29.91771,,,,,,,,,,,,,,,,,,,,,512008064,0,,,,,,,,,,,,,,,,
,3706113313.55175,10.4001512527466,-0.146532833576202,,,,,,,,,,,,,,,,,,,,,,,0.3051323,0.0002684217,0.06256361,,,21.3623,2.995932,1,0,0.000305128,0.0003051278,3.331817E-07,,,,,,3000,-59.03481,-21.07321,512008064,0,,,,,,,,,,,,,,,,
,3706113318.74176,10.4003047943115,-0.109899625182152,,,5.224837,0.0002145874,0.04188259,,,18.31055,2.94912,1,0,0.005224837,0.005224835,3.819298E-06,,,,,,300,-75.80369,-29.92085,,,,,,,,,,,,,,,,,,,,,512008064,0,,,,,,,,,,,,,,,,
,3706113325.21693,10.3999452590942,-0.109899625182152,,,,,,,,,,,,,,,,,,,,,,,0.3051108,0.000270102,0.05766585,,,21.3623,2.995932,1,0,0.0003051065,0.0003051063,3.07077E-07,,,,,,3000,-59.00019,-21.07613,411344256,0,,,,,,,,,,,,,,,,
,3706113422.80033,10.5998039245605,-0.109899625182152,,,5.326614,0.004571527,0.04042466,,,18.31055,2.94912,1,0,0.005326613,0.005326611,3.758156E-06,,,,,,300,-79.34974,-30.79119,,,,,,,,,,,,,,,,,,,,,512008064,0,,,,,,,,,,,,,,,,
,3706113422.99412,10.5997076034546,-0.109899625182152,,,,,,,,,,,,,,,,,,,,,,,0.3506626,0.002444012,0.05263805,,,21.3623,2.995932,1,0,0.0003506575,0.0003506574,3.221515E-07,,,,,,3000,-77.02092,-21.20837,512008064,0,,,,,,,,,,,,,,,,
,3706113431.48127,10.5994338989258,-0.134321764111519,,,5.326599,0.002363088,0.04071636,,,18.31055,2.94912,1,0,0.005326598,0.005326597,3.785264E-06,,,,,,300,-77.51227,-30.78684,,,,,,,,,,,,,,,,,,,,,512008064,0,,,,,,,,,,,,,,,,
,3706113431.7711,10.5994338989258,-0.122110687196255,,,,,,,,,,,,,,,,,,,,,,,0.3503444,0.0001042546,0.05303191,,,21.3623,2.995932,1,0,0.0003503394,0.0003503393,3.242676E-07,,,,,,3000,-75.0081,-21.19435,512008064,0,,,,,,,,,,,,,,,,
,3706113437.17111,10.6000995635986,-0.122110687196255,,,5.326334,0.0002205443,0.04039171,,,18.31055,2.94912,1,0,0.005326333,0.005326331,3.754895E-06,,,,,,300,-79.29225,-30.78336,,,,,,,,,,,,,,,,,,,,,512008064,0,,,,,,,,,,,,,,,,
,3706113443.63353,10.6002054214478,-0.122110687196255,,,,,,,,,,,,,,,,,,,,,,,0.3504411,0.001788586,0.0497108,,,21.3623,2.995932,1,0,0.0003504361,0.0003504359,3.040443E-07,,,,,,3000,-81.20723,-21.12725,411344256,0,,,,,,,,,,,,,,,,
,3706113533.15172,10.799783706665,-0.0610553435981274,,,,,,,,,,,,,,,,,,,,,,,0.409239,0.0006697489,0.06101208,,,21.3623,2.995932,1,0,0.0004092332,0.0004092329,4.357767E-07,,,,,,3000,-69.99009,-21.3772,512008064,0,,,,,,,,,,,,,,,,
,3706113551.14253,10.8000984191895,-0.0244221389293671,,,5.471807,0.0001891721,0.03761703,,,18.31055,2.94912,1,0,0.005471807,0.005471805,3.592465E-06,,,,,,300,-83.57277,-31.61254,,,,,,,,,,,,,,,,,,,,,512008064,0,,,,,,,,,,,,,,,,
,3706113551.93326,10.8002548217773,-0.0122110694646835,,,,,,,,,,,,,,,,,,,,,,,0.4092713,0.0008154381,0.06376234,,,21.3623,2.995932,1,0,0.0004092655,0.0004092653,4.554562E-07,,,,,,3000,-68.89737,-21.38397,512008064,0,,,,,,,,,,,,,,,,
,3706113556.82262,10.7994089126587,-0.0122110694646835,,,5.471247,0.0004155845,0.03739214,,,18.31055,2.94912,1,0,0.005471246,0.005471244,3.570622E-06,,,,,,300,-84.23331,-31.61049,,,,,,,,,,,,,,,,,,,,,512008064,0,,,,,,,,,,,,,,,,
,3706113557.72252,10.7994480133057,0,,,,,,,,,,,,,,,,,,,,,,,0.4089668,0.001189332,0.06155339,,,21.3623,2.995932,1,0,0.000408961,0.0004089608,4.393505E-07,,,,,,3000,-63.25119,-21.38784,512008064,0,,,,,,,,,,,,,,,,
,3706113564.10901,10.7991857528687,0.0244221389293671,,,5.470969,0.002061932,0.03710058,,,18.31055,2.94912,1,0,0.005470968,0.005470967,3.542601E-06,,,,,,300,-84.64227,-31.60764,,,,,,,,,,,,,,,,,,,,,109353856,0,,,,,,,,,,,,,,,,
,3706113653.41106,11.0004062652588,-0.0366332083940506,,,5.695616,0.0001963161,0.03353952,,,18.31055,2.94912,1,0,0.005695614,0.005695614,3.334071E-06,,,,,,300,-95.33993,-32.92524,,,,,,,,,,,,,,,,,,,,,512008064,0,,,,,,,,,,,,,,,,
,3706113653.60483,11.0005912780762,-0.0122110694646835,,,,,,,,,,,,,,,,,,,,,,,0.4975383,0.0006485753,0.06152536,,,21.3623,2.995932,1,0,0.0004975312,0.0004975309,5.342589E-07,,,,,,3000,-67.59978,-21.6058,512008064,0,,,,,,,,,,,,,,,,
,3706113663.09214,11.0001745223999,-0.0488442778587341,,,5.694845,0.0001603406,0.03291847,,,18.31055,2.94912,1,0,0.005694843,0.005694842,3.27189E-06,,,,,,300,-89.86801,-32.91867,,,,,,,,,,,,,,,,,,,,,512008064,0,,,,,,,,,,,,,,,,
,3706113663.29499,11.0001745223999,-0.0122110694646835,,,,,,,,,,,,,,,,,,,,,,,0.4972148,0.001126826,0.05923729,,,21.3623,2.995932,1,0,0.0004972077,0.0004972075,5.14056E-07,,,,,,3000,-68.62996,-21.59971,512008064,0,,,,,,,,,,,,,,,,
,3706113668.58186,10.9991788864136,-0.0122110694646835,,,5.694583,0.0001758496,0.03318844,,,18.31055,2.94912,1,0,0.005694582,0.005694581,3.298573E-06,,,,,,300,-90.81859,-32.91811,,,,,,,,,,,,,,,,,,,,,512008064,0,,,,,,,,,,,,,,,,
,3706113675.12044,10.9992513656616,0.0122110694646835,,,,,,,,,,,,,,,,,,,,,,,0.4966446,0.001509201,0.05916534,,,21.3623,2.995932,1,0,0.0004966375,0.0004966373,5.128427E-07,,,,,,3000,-68.22818,-21.60028,411344256,0,,,,,,,,,,,,,,,,
,3706113765.13246,11.2005672454834,-0.0732664167881012,,,,,,,,,,,,,,,,,,,,,,,0.6510245,0.002034847,0.05615103,,,21.3623,2.995932,1,0,0.0006510151,0.0006510148,6.380079E-07,,,,,,3000,-78.90214,-22.83481,512008064,0,,,,,,,,,,,,,,,,
,3706113784.82338,11.2000360488892,-0.0366332083940506,,,6.087871,0.004202258,0.01860182,,,18.31055,2.94912,1,0,0.006087869,0.006087868,1.976506E-06,,,,,,300,-77.32499,-36.25114,,,,,,,,,,,,,,,,,,,,,512008064,0,,,,,,,,,,,,,,,,
,3706113785.6135,11.2002687454224,-0.0366332083940506,,,,,,,,,,,,,,,,,,,,,,,0.6499724,6.647338E-05,0.05696658,,,21.3623,2.995932,1,0,0.0006499631,0.0006499627,6.462285E-07,,,,,,3000,-79.52607,-22.82477,512008064,0,,,,,,,,,,,,,,,,
,3706113790.31379,11.2000541687012,-0.0366332083940506,,,6.090043,0.0002373115,0.01850446,,,18.31055,2.94912,1,0,0.00609004,0.00609004,1.966862E-06,,,,,,300,-76.95921,-36.27337,,,,,,,,,,,,,,,,,,,,,512008064,0,,,,,,,,,,,,,,,,
,3706113791.10328,11.1999778747559,-0.0366332083940506,,,,,,,,,,,,,,,,,,,,,,,0.6508028,0.002207356,0.05650064,,,21.3623,2.995932,1,0,0.0006507934,0.0006507931,6.417617E-07,,,,,,3000,-79.4272,-22.83263,512008064,0,,,,,,,,,,,,,,,,
,3706113797.51,11.2000102996826,-0.0244221389293671,,,6.089288,0.002467714,0.01819204,,,18.31055,2.94912,1,0,0.006089286,0.006089285,1.933415E-06,,,,,,300,-76.11886,-36.26294,,,,,,,,,,,,,,,,,,,,,109353856,0,,,,,,,,,,,,,,,,
,3706113885.38181,11.3997812271118,0.0244221389293671,,,,,,,,,,,,,,,,,,,,,,,1.134628,0.00568189,0.05644491,,,21.3623,2.995932,1,0,0.001134612,0.001134611,1.117762E-06,,,,,,900,-94.5763,-59.66575,507813760,0,,,,,,,,,,,,,,,,
,3706113895.58279,11.4003629684448,0.0122110694646835,,,6.796359,0.0002208304,0.04528777,,,18.31055,2.94912,1,0,0.006796358,0.006796356,5.371982E-06,,,,,,300,-81.59589,-60.68239,,,,,,,,,,,,,,,,,,,,,507813760,0,,,,,,,,,,,,,,,,
,3706113895.7755,11.4003629684448,0.0244221389293671,,,,,,,,,,,,,,,,,,,,,,,1.133946,0.0002018449,0.05633031,,,21.3623,2.995932,1,0,0.00113393,0.001133929,1.114822E-06,,,,,,900,-94.02058,-59.48116,507813760,0,,,,,,,,,,,,,,,,
,3706113901.06273,11.400242805481,0.0366332083940506,,,6.797049,0.000140945,0.04558362,,,18.31055,2.94912,1,0,0.006797049,0.006797046,5.407625E-06,,,,,,300,-81.86255,-60.8194,,,,,,,,,,,,,,,,,,,,,507813760,0,,,,,,,,,,,,,,,,
,3706113901.35273,11.400242805481,0.0732664167881012,,,,,,,,,,,,,,,,,,,,,,,1.135597,0.006267778,0.05632231,,,21.3623,2.995932,1,0,0.00113558,0.00113558,1.116286E-06,,,,,,900,-94.11136,-59.96947,507813760,0,,,,,,,,,,,,,,,,
,3706113907.78903,11.399658203125,0.0366332083940506,,,6.796576,0.0003523627,0.0468565,,,18.31055,2.94912,1,0,0.006796576,0.006796574,5.558241E-06,,,,,,300,-87.47794,-60.57397,,,,,,,,,,,,,,,,,,,,,105159552,0,,,,,,,,,,,,,,,,
,3706113996.20122,11.6002597808838,0.0488442778587341,,,6.807983,0.0001743675,0.05124214,,,18.31055,2.94912,1,0,0.006807983,0.006807981,6.088679E-06,,,,,,300,-80.382,-64.30389,,,,,,,,,,,,,,,,,,,,,507813760,0,,,,,,,,,,,,,,,,
,3706113996.39251,11.6001501083374,0.0366332083940506,,,,,,,,,,,,,,,,,,,,,,,1.169209,9.195038E-06,0.05781749,,,21.3623,2.995932,1,0,0.001169192,0.001169191,1.179838E-06,,,,,,900,-95.36541,-97.19003,507813760,0,,,,,,,,,,,,,,,,
,3706114011.58208,11.599479675293,0.0488442778587341,,,,,,,,,,,,,,,,,,,,,,,1.169217,8.08552E-06,0.05781514,,,21.3623,2.995932,1,0,0.0011692,0.0011692,1.179798E-06,,,,,,900,-95.48783,-97.66722,507813760,0,,,,,,,,,,,,,,,,
,3706114016.47209,11.5999908447266,0.0488442778587341,,,6.808215,0.0001489158,0.05071586,,,18.31055,2.94912,1,0,0.006808215,0.006808212,6.02635E-06,,,,,,300,-79.79845,-64.42791,,,,,,,,,,,,,,,,,,,,,507813760,0,,,,,,,,,,,,,,,,
,3706114017.21209,11.5998125076294,0.0610553435981274,,,,,,,,,,,,,,,,,,,,,,,1.169217,9.308974E-06,0.05784043,,,21.3623,2.995932,1,0,0.0011692,0.0011692,1.180314E-06,,,,,,900,-95.50668,-97.70138,507813760,0,,,,,,,,,,,,,,,,
,3706114023.58853,11.6010284423828,0.0732664167881012,,,6.807987,0.002172376,0.05038614,,,18.31055,2.94912,1,0,0.006807987,0.006807984,5.986971E-06,,,,,,300,-79.00595,-64.2182,,,,,,,,,,,,,,,,,,,,,105159552,0,,,,,,,,,,,,,,,,
,3706114111.71072,11.8003454208374,0.0122110694646835,,,6.792193,0.0001612058,0.0507412,,,18.31055,2.94912,1,0,0.006792193,0.00679219,6.015173E-06,,,,,,300,-79.92241,-65.0311,,,,,,,,,,,,,,,,,,,,,507813760,0,,,,,,,,,,,,,,,,
,3706114111.9019,11.8006868362427,0.0244221389293671,,,,,,,,,,,,,,,,,,,,,,,1.167551,9.471551E-06,0.0573342,,,21.3623,2.995932,1,0,0.001167534,0.001167534,1.168317E-06,,,,,,900,-94.60613,-99.56813,507813760,0,,,,,,,,,,,,,,,,
,3706114112.10512,11.8006868362427,0.0854774862527847,,,6.792193,0.0001612058,0.0507412,,,18.31055,2.94912,1,0,0.006792193,0.00679219,6.015173E-06,,,,,,300,-79.92241,-65.0311,,,,,,,,,,,,,,,,,,,,,507813760,0,,,,,,,,,,,,,,,,
,3706114120.39157,11.8006496429443,0.0488442778587341,,,6.792059,0.0002340898,0.05073091,,,18.31055,2.94912,1,0,0.006792059,0.006792056,6.013834E-06,,,,,,300,-79.86196,-65.126,,,,,,,,,,,,,,,,,,,,,507813760,0,,,,,,,,,,,,,,,,
,3706114126.91749,11.7994871139526,0.0610553435981274,,,,,,,,,,,,,,,,,,,,,,,1.167532,0.0001301376,0.05775073,,,21.3623,2.995932,1,0,0.001167515,0.001167514,1.176785E-06,,,,,,900,-87.06917,-88.84079,407149952,0,,,,,,,,,,,,,,,,
,3706114127.19126,11.7993659973145,0.0366332083940506,,,,,,,,,,,,,,,,,,,,,,,1.167564,8.959852E-06,0.05726896,,,21.3623,2.995932,1,0,0.001167547,0.001167547,1.167001E-06,,,,,,900,-95.23755,-99.64851,407149952,0,,,,,,,,,,,,,,,,
,3706114234.44101,11.9996461868286,0.0366332083940506,,,6.773757,0.0001562633,0.05093087,,,18.31055,2.94912,1,0,0.006773757,0.006773754,6.021269E-06,,,,,,300,-78.64954,-66.92426,,,,,,,,,,,,,,,,,,,,,507813760,0,,,,,,,,,,,,,,,,
,3706114234.73098,11.9996461868286,0.0366332083940506,,,,,,,,,,,,,,,,,,,,,,,1.165847,8.812133E-06,0.05733129,,,21.3623,2.995932,1,0,0.001165831,0.00116583,1.166553E-06,,,,,,900,-95.61494,-99.00056,507813760,0,,,,,,,,,,,,,,,,
,3706114243.83103,12.0006580352783,0.0854774862527847,,,6.773795,0.0001487068,0.05103566,,,18.31055,2.94912,1,0,0.006773795,0.006773792,6.033692E-06,,,,,,300,-78.72675,-66.9085,,,,,,,,,,,,,,,,,,,,,507813760,0,,,,,,,,,,,,,,,,
,3706114244.89105,12.0004577636719,0.0244221389293671,,,,,,,,,,,,,,,,,,,,,,,1.165843,0.0003987528,0.05732374,,,21.3623,2.995932,1,0,0.001165827,0.001165826,1.166395E-06,,,,,,900,-95.10065,-99.75391,507813760,0,,,,,,,,,,,,,,,,
,3706114249.35081,12.0003347396851,0.0488442778587341,,,6.773861,0.0001402135,0.05091602,,,18.31055,2.94912,1,0,0.006773861,0.006773858,6.019606E-06,,,,,,300,-78.83635,-67.01163,,,,,,,,,,,,,,,,,,,,,507813760,0,,,,,,,,,,,,,,,,
,3706114255.82878,12.0000467300415,0.0732664167881012,,,,,,,,,,,,,,,,,,,,,,,1.165833,0.0001859503,0.05584389,,,21.3623,2.995932,1,0,0.001165816,0.001165815,1.136274E-06,,,,,,900,-94.91578,-102.0269,407149952,0,,,,,,,,,,,,,,,,
,3706114344.45011,12.2003269195557,-0.0610553435981274,,,,,,,,,,,,,,,,,,,,,,,1.164128,8.862728E-06,0.05838868,,,21.3623,2.995932,1,0,0.001164112,0.001164111,1.186316E-06,,,,,,900,-89.48632,-90.67245,507813760,0,,,,,,,,,,,,,,,,
,3706114344.64071,12.2003898620605,-0.0854774862527847,,,6.753887,0.0001994566,0.05090353,,,18.31055,2.94912,1,0,0.006753887,0.006753884,6.000383E-06,,,,,,300,-76.20204,-67.63746,,,,,,,,,,,,,,,,,,,,,507813760,0,,,,,,,,,,,,,,,,
,3706114344.83081,12.2003898620605,0.0244221389293671,,,,,,,,,,,,,,,,,,,,,,,1.164134,8.927622E-06,0.05735748,,,21.3623,2.995932,1,0,0.001164117,0.001164116,1.16537E-06,,,,,,900,-95.03229,-98.30376,507813760,0,,,,,,,,,,,,,,,,
,3706114353.93045,12.2005367279053,-0.0732664167881012,,,6.753603,0.0001281573,0.05093748,,,18.31055,2.94912,1,0,0.006753603,0.006753601,6.004134E-06,,,,,,300,-76.34471,-67.6775,,,,,,,,,,,,,,,,,,,,,507813760,0,,,,,,,,,,,,,,,,
,3706114354.18025,12.2005367279053,-0.109899625182152,,,,,,,,,,,,,,,,,,,,,,,1.164134,9.162677E-06,0.05743677,,,21.3623,2.995932,1,0,0.001164117,0.001164116,1.166981E-06,,,,,,900,-95.41566,-98.53462,507813760,0,,,,,,,,,,,,,,,,
,3706114360.59648,12.1994724273682,-0.0610553435981274,,,6.753462,0.0003036978,0.05014058,,,18.31055,2.94912,1,0,0.006753462,0.006753459,5.910077E-06,,,,,,300,-75.22729,-67.48678,,,,,,,,,,,,,,,,,,,,,105159552,0,,,,,,,,,,,,,,,,
,3706114466.16973,12.4007749557495,-0.0732664167881012,,,6.734109,0.000142699,0.05094055,,,18.31055,2.94912,1,0,0.006734109,0.006734107,5.987164E-06,,,,,,300,-77.23367,-70.14806,,,,,,,,,,,,,,,,,,,,,507813760,0,,,,,,,,,,,,,,,,
,3706114466.36007,12.4007749557495,-0.0854774862527847,,,,,,,,,,,,,,,,,,,,,,,1.162436,1.01074E-05,0.05749429,,,21.3623,2.995932,1,0,0.00116242,0.001162419,1.166447E-06,,,,,,900,-94.86862,-98.49129,507813760,0,,,,,,,,,,,,,,,,
,3706114475.94987,12.3999671936035,-0.0976885557174683,,,6.73419,0.0001952281,0.05094437,,,18.31055,2.94912,1,0,0.00673419,0.006734187,5.987684E-06,,,,,,300,-77.23019,-70.12587,,,,,,,,,,,,,,,,,,,,,507813760,0,,,,,,,,,,,,,,,,
,3706114476.94986,12.399772644043,-0.0366332083940506,,,,,,,,,,,,,,,,,,,,,,,1.162447,9.541795E-06,0.05743458,,,21.3623,2.995932,1,0,0.001162431,0.00116243,1.165247E-06,,,,,,900,-95.71524,-100.3355,507813760,0,,,,,,,,,,,,,,,,
,3706114481.64967,12.3995065689087,-0.0488442778587341,,,6.734058,0.0002046139,0.05096988,,,18.31055,2.94912,1,0,0.006734058,0.006734055,5.990565E-06,,,,,,300,-77.6265,-70.18031,,,,,,,,,,,,,,,,,,,,,507813760,0,,,,,,,,,,,,,,,,
,3706114488.13553,12.3994302749634,-0.0366332083940506,,,,,,,,,,,,,,,,,,,,,,,1.162432,0.0007084659,0.05806766,,,21.3623,2.995932,1,0,0.001162415,0.001162415,1.178075E-06,,,,,,900,-86.62973,-89.16843,407149952,0,,,,,,,,,,,,,,,,
,3706114575.66022,12.6000461578369,-0.232010304927826,,,6.714159,0.002357174,0.05096096,,,18.31055,2.94912,1,0,0.006714159,0.006714156,5.971818E-06,,,,,,300,-76.16245,-71.90618,,,,,,,,,,,,,,,,,,,,,507813760,0,,,,,,,,,,,,,,,,
,3706114575.86143,12.6000461578369,-0.20758818089962,,,,,,,,,,,,,,,,,,,,,,,1.160771,1.013867E-05,0.05756602,,,21.3623,2.995932,1,0,0.001160754,0.001160753,1.166229E-06,,,,,,900,-95.46971,-98.14873,507813760,0,,,,,,,,,,,,,,,,
,3706114586.65198,12.5999670028687,-0.195377111434937,,,6.714085,0.002797815,0.05093953,,,18.31055,2.94912,1,0,0.006714085,0.006714082,5.96924E-06,,,,,,300,-76.08893,-71.96696,,,,,,,,,,,,,,,,,,,,,507813760,0,,,,,,,,,,,,,,,,
,3706114586.95121,12.5999670028687,-0.183166027069092,,,,,,,,,,,,,,,,,,,,,,,1.160781,9.199704E-06,0.05756916,,,21.3623,2.995932,1,0,0.001160764,0.001160763,1.166302E-06,,,,,,900,-95.42152,-98.43164,507813760,0,,,,,,,,,,,,,,,,
,3706114592.35116,12.5999298095703,-0.20758818089962,,,6.713978,0.005332212,0.05097509,,,18.31055,2.94912,1,0,0.006713978,0.006713975,5.973312E-06,,,,,,300,-75.88424,-71.97767,,,,,,,,,,,,,,,,,,,,,507813760,0,,,,,,,,,,,,,,,,
,3706114598.80669,12.600058555603,-0.256432443857193,,,,,,,,,,,,,,,,,,,,,,,1.16077,1.113024E-05,0.05735927,,,21.3623,2.995932,1,0,0.001160754,0.001160753,1.16204E-06,,,,,,900,-96.87374,-101.5007,407149952,0,,,,,,,,,,,,,,,,
,3706114685.38979,12.7995376586914,-0.256432443857193,,,6.693264,0.002186598,0.05095298,,,18.31055,2.94912,1,0,0.006693264,0.006693262,5.952301E-06,,,,,,300,-76.96701,-71.79327,,,,,,,,,,,,,,,,,,,,,507813760,0,,,,,,,,,,,,,,,,
,3706114685.58096,12.7994260787964,-0.232010304927826,,,,,,,,,,,,,,,,,,,,,,,1.159114,9.692701E-06,0.05797825,,,21.3623,2.995932,1,0,0.001159098,0.001159097,1.172904E-06,,,,,,900,-95.4673,-96.26716,507813760,0,,,,,,,,,,,,,,,,
,3706114701.37078,12.8005447387695,-0.232010304927826,,,6.693477,0.0001372463,0.05093324,,,18.31055,2.94912,1,0,0.006693477,0.006693474,5.950184E-06,,,,,,300,-77.32003,-71.90591,,,,,,,,,,,,,,,,,,,,,507813760,0,,,,,,,,,,,,,,,,
,3706114702.06061,12.8003950119019,-0.232010304927826,,,,,,,,,,,,,,,,,,,,,,,1.159114,9.141509E-06,0.05780137,,,21.3623,2.995932,1,0,0.001159097,0.001159097,1.169325E-06,,,,,,900,-94.90218,-97.84988,507813760,0,,,,,,,,,,,,,,,,
,3706114707.25063,12.800329208374,-0.232010304927826,,,6.693297,0.00303117,0.05091931,,,18.31055,2.94912,1,0,0.006693297,0.006693294,5.948396E-06,,,,,,300,-77.47437,-71.9552,,,,,,,,,,,,,,,,,,,,,507813760,0,,,,,,,,,,,,,,,,
,3706114713.7472,12.8004350662231,-0.232010304927826,,,,,,,,,,,,,,,,,,,,,,,1.159096,0.001046103,0.05813856,,,21.3623,2.995932,1,0,0.00115908,0.001159079,1.176129E-06,,,,,,900,-88.80058,-88.64478,407149952,0,,,,,,,,,,,,,,,,
,3706114801.34938,13.000301361084,-0.232010304927826,,,,,,,,,,,,,,,,,,,,,,,1.157472,8.795942E-06,0.05779846,,,21.3623,2.995932,1,0,0.001157456,0.001157455,1.16761E-06,,,,,,900,-95.39183,-98.03677,507813760,0,,,,,,,,,,,,,,,,
,3706114801.5404,13.0002794265747,-0.256432443857193,,,6.672653,0.0002615954,0.05104245,,,18.31055,2.94912,1,0,0.006672653,0.00667265,5.944391E-06,,,,,,300,-77.7085,-72.27705,,,,,,,,,,,,,,,,,,,,,507813760,0,,,,,,,,,,,,,,,,
,3706114811.93002,12.9992437362671,-0.122110687196255,,,6.672948,0.0001408167,0.05096053,,,18.31055,2.94912,1,0,0.006672948,0.006672945,5.935113E-06,,,,,,300,-77.71567,-72.31812,,,,,,,,,,,,,,,,,,,,,507813760,0,,,,,,,,,,,,,,,,
,3706114812.12014,12.9993410110474,-0.134321764111519,,,,,,,,,,,,,,,,,,,,,,,1.157478,9.989911E-06,0.05780227,,,21.3623,2.995932,1,0,0.001157461,0.001157461,1.167693E-06,,,,,,900,-95.25961,-98.91652,507813760,0,,,,,,,,,,,,,,,,
,3706114817.5101,12.9997272491455,-0.146532833576202,,,6.672917,0.0001714595,0.05098852,,,18.31055,2.94912,1,0,0.006672917,0.006672915,5.938345E-06,,,,,,300,-78.09544,-72.2256,,,,,,,,,,,,,,,,,,,,,507813760,0,,,,,,,,,,,,,,,,
,3706114823.97099,12.9995164871216,-0.170954972505569,,,,,,,,,,,,,,,,,,,,,,,1.157467,1.068088E-05,0.05748814,,,21.3623,2.995932,1,0,0.00115745,0.00115745,1.161336E-06,,,,,,900,-97.35726,-101.4047,407149952,0,,,,,,,,,,,,,,,,
,3706114912.2613,13.1999731063843,-0.293065667152405,,,,,,,,,,,,,,,,,,,,,,,1.155854,9.697034E-06,0.05780714,,,21.3623,2.995932,1,0,0.001155838,0.001155837,1.166153E-06,,,,,,900,-94.9753,-97.52766,507813760,0,,,,,,,,,,,,,,,,
,3706114912.46181,13.2001218795776,-0.305276721715927,,,6.651413,0.001994074,0.05087543,,,18.31055,2.94912,1,0,0.006651414,0.006651411,5.90608E-06,,,,,,300,-77.71533,-74.6818,,,,,,,,,,,,,,,,,,,,,507813760,0,,,,,,,,,,,,,,,,
,3706114928.85338,13.1994457244873,-0.293065667152405,,,6.651786,0.0001453693,0.05092523,,,18.31055,2.94912,1,0,0.006651786,0.006651783,5.912193E-06,,,,,,300,-78.39362,-74.72853,,,,,,,,,,,,,,,,,,,,,507813760,0,,,,,,,,,,,,,,,,
,3706114929.44335,13.1993761062622,-0.280854612588882,,,,,,,,,,,,,,,,,,,,,,,1.155863,9.052375E-06,0.05778123,,,21.3623,2.995932,1,0,0.001155846,0.001155845,1.165639E-06,,,,,,900,-94.93073,-98.01105,507813760,0,,,,,,,,,,,,,,,,
,3706114934.53341,13.1998891830444,-0.268643528223038,,,6.651786,0.0001462728,0.05087801,,,18.31055,2.94912,1,0,0.006651786,0.006651783,5.906711E-06,,,,,,300,-77.70079,-74.81026,,,,,,,,,,,,,,,,,,,,,507813760,0,,,,,,,,,,,,,,,,
,3706114940.97102,13.1994695663452,-0.256432443857193,,,,,,,,,,,,,,,,,,,,,,,1.15584,0.001572006,0.05850126,,,21.3623,2.995932,1,0,0.001155824,0.001155823,1.180141E-06,,,,,,900,-87.01895,-90.46242,407149952,0,,,,,,,,,,,,,,,,
,3706115030.49293,13.4011735916138,-0.256432443857193,,,6.629489,0.0001646001,0.05159569,,,18.31055,2.94912,1,0,0.006629489,0.006629487,5.969951E-06,,,,,,300,-78.78206,-83.27035,,,,,,,,,,,,,,,,,,,,,507813760,0,,,,,,,,,,,,,,,,
,3706115030.69299,13.4009218215942,-0.256432443857193,,,,,,,,,,,,,,,,,,,,,,,1.154236,0.00659266,0.05806089,,,21.3623,2.995932,1,0,0.001154219,0.001154219,1.169632E-06,,,,,,900,-94.38783,-97.72409,507813760,0,,,,,,,,,,,,,,,,
,3706115041.89282,13.4003305435181,-0.256432443857193,,,6.629456,0.0001514528,0.05100065,,,18.31055,2.94912,1,0,0.006629455,0.006629453,5.901072E-06,,,,,,300,-77.39079,-84.38594,,,,,,,,,,,,,,,,,,,,,507813760,0,,,,,,,,,,,,,,,,
,3706115042.09311,13.4001665115356,-0.256432443857193,,,,,,,,,,,,,,,,,,,,,,,1.15424,0.00573757,0.05786471,,,21.3623,2.995932,1,0,0.001154224,0.001154223,1.165685E-06,,,,,,900,-95.05347,-97.84233,507813760,0,,,,,,,,,,,,,,,,
,3706115047.29291,13.4007196426392,-0.244221374392509,,,6.629772,0.0001395406,0.05102916,,,18.31055,2.94912,1,0,0.006629772,0.006629769,5.904653E-06,,,,,,300,-77.58591,-84.7847,,,,,,,,,,,,,,,,,,,,,507813760,0,,,,,,,,,,,,,,,,
,3706115053.77912,13.4002304077148,-0.195377111434937,,,,,,,,,,,,,,,,,,,,,,,1.154219,0.005709725,0.05679088,,,21.3623,2.995932,1,0,0.001154202,0.001154202,1.144031E-06,,,,,,900,-94.54225,-97.39807,407149952,0,,,,,,,,,,,,,,,,
,3706115142.58168,13.5998287200928,-0.268643528223038,,,,,,,,,,,,,,,,,,,,,,,1.15265,9.5746E-06,0.05793606,,,21.3623,2.995932,1,0,0.001152633,0.001152633,1.165514E-06,,,,,,900,-94.38136,-97.77279,507813760,0,,,,,,,,,,,,,,,,
,3706115142.82261,13.6000623703003,-0.232010304927826,,,6.608077,0.0001306673,0.05101012,,,18.31055,2.94912,1,0,0.006608076,0.006608074,5.883134E-06,,,,,,300,-77.85365,-82.58479,,,,,,,,,,,,,,,,,,,,,507813760,0,,,,,,,,,,,,,,,,
,3706115143.01516,13.6000623703003,-0.293065667152405,,,,,,,,,,,,,,,,,,,,,,,1.15265,9.5746E-06,0.05793606,,,21.3623,2.995932,1,0,0.001152633,0.001152633,1.165514E-06,,,,,,900,-94.38136,-97.77279,507813760,0,,,,,,,,,,,,,,,,
,3706115154.80246,13.6009635925293,-0.268643528223038,,,6.607599,0.000171262,0.05099907,,,18.31055,2.94912,1,0,0.006607599,0.006607596,5.881434E-06,,,,,,300,-77.18074,-83.16895,,,,,,,,,,,,,,,,,,,,,507813760,0,,,,,,,,,,,,,,,,
,3706115155.49232,13.6007995605469,-0.268643528223038,,,,,,,,,,,,,,,,,,,,,,,1.152647,1.025716E-05,0.0579665,,,21.3623,2.995932,1,0,0.001152631,0.00115263,1.166123E-06,,,,,,900,-94.93689,-98.20563,507813760,0,,,,,,,,,,,,,,,,
,3706115169.68208,13.5995254516602,-0.256432443857193,,,6.607688,0.0001293666,0.05110017,,,18.31055,2.94912,1,0,0.006607688,0.006607685,5.893173E-06,,,,,,300,-77.66624,-83.52798,,,,,,,,,,,,,,,,,,,,,105159552,0,,,,,,,,,,,,,,,,
,3706115257.96081,13.8000335693359,-0.244221374392509,,,6.586568,0.0001801683,0.05112677,,,18.31055,2.94912,1,0,0.006586568,0.006586565,5.877394E-06,,,,,,300,-77.52952,-82.51008,,,,,,,,,,,,,,,,,,,,,507813760,0,,,,,,,,,,,,,,,,
,3706115272.36165,13.8002872467041,-0.256432443857193,,,6.586591,0.0001262775,0.05111387,,,18.31055,2.94912,1,0,0.006586591,0.006586588,5.875931E-06,,,,,,300,-77.48453,-82.38654,,,,,,,,,,,,,,,,,,,,,507813760,0,,,,,,,,,,,,,,,,
,3706115272.56201,13.8002872467041,-0.219799250364304,,,,,,,,,,,,,,,,,,,,,,,1.151078,9.134613E-06,0.05751874,,,21.3623,2.995932,1,0,0.001151062,0.001151061,1.155541E-06,,,,,,900,-95.01328,-99.55626,507813760,0,,,,,,,,,,,,,,,,
,3706115277.96151,13.8003578186035,-0.170954972505569,,,6.586573,0.0001824987,0.05110545,,,18.31055,2.94912,1,0,0.006586573,0.00658657,5.874948E-06,,,,,,300,-77.59943,-82.19527,,,,,,,,,,,,,,,,,,,,,507813760,0,,,,,,,,,,,,,,,,
,3706115284.47964,13.7996301651001,-0.183166027069092,,,,,,,,,,,,,,,,,,,,,,,1.15107,3.995935E-05,0.05741483,,,21.3623,2.995932,1,0,0.001151053,0.001151052,1.153445E-06,,,,,,900,-93.13078,-96.08298,407149952,0,,,,,,,,,,,,,,,,
,3706115284.7515,13.7993202209473,-0.170954972505569,,,,,,,,,,,,,,,,,,,,,,,1.151084,8.274459E-06,0.05753598,,,21.3623,2.995932,1,0,0.001151067,0.001151067,1.155893E-06,,,,,,900,-93.72462,-99.429,407149952,0,,,,,,,,,,,,,,,,
,3706115372.56024,14.0004301071167,-0.158743903040886,,,6.565202,0.0001363176,0.05105055,,,18.31055,2.94912,1,0,0.006565202,0.006565199,5.849596E-06,,,,,,300,-77.58378,-82.24872,,,,,,,,,,,,,,,,,,,,,507813760,0,,,,,,,,,,,,,,,,
,3706115372.85649,14.0001964569092,-0.146532833576202,,,,,,,,,,,,,,,,,,,,,,,1.149518,1.002158E-05,0.05786885,,,21.3623,2.995932,1,0,0.001149502,0.001149501,1.160999E-06,,,,,,900,-94.98695,-97.44502,507813760,0,,,,,,,,,,,,,,,,
,3706115373.04396,14.0001964569092,-0.134321764111519,,,6.565202,0.0001363176,0.05105055,,,18.31055,2.94912,1,0,0.006565202,0.006565199,5.849596E-06,,,,,,300,-77.58378,-82.24872,,,,,,,,,,,,,,,,,,,,,507813760,0,,,,,,,,,,,,,,,,
,3706115373.23594,14.0002059936523,-0.122110687196255,,,,,,,,,,,,,,,,,,,,,,,1.149518,1.002158E-05,0.05786885,,,21.3623,2.995932,1,0,0.001149502,0.001149501,1.160999E-06,,,,,,900,-94.98695,-97.44502,507813760,0,,,,,,,,,,,,,,,,
,3706115382.82315,13.999532699585,-0.183166027069092,,,6.565326,0.0001398353,0.05097708,,,18.31055,2.94912,1,0,0.006565326,0.006565324,5.841287E-06,,,,,,300,-77.28522,-82.90227,,,,,,,,,,,,,,,,,,,,,507813760,0,,,,,,,,,,,,,,,,
,3706115389.3422,13.9992179870605,-0.158743903040886,,,,,,,,,,,,,,,,,,,,,,,1.149511,0.0001344381,0.05689719,,,21.3623,2.995932,1,0,0.001149495,0.001149494,1.141498E-06,,,,,,900,-95.71031,-94.15349,407149952,0,,,,,,,,,,,,,,,,
,3706115477.52364,14.2000741958618,-0.183166027069092,,,6.543836,0.008683262,0.0510407,,,18.31055,2.94912,1,0,0.006543836,0.006543833,5.829433E-06,,,,,,300,-77.85383,-82.09886,,,,,,,,,,,,,,,,,,,,,507813760,0,,,,,,,,,,,,,,,,
,3706115477.71483,14.2003650665283,-0.183166027069092,,,,,,,,,,,,,,,,,,,,,,,1.147988,8.862682E-06,0.05774077,,,21.3623,2.995932,1,0,0.001147971,0.001147971,1.156887E-06,,,,,,900,-94.21524,-97.55196,507813760,0,,,,,,,,,,,,,,,,
,3706115477.90497,14.2003650665283,-0.158743903040886,,,6.543836,0.008683262,0.0510407,,,18.31055,2.94912,1,0,0.006543836,0.006543833,5.829433E-06,,,,,,300,-77.85383,-82.09886,,,,,,,,,,,,,,,,,,,,,507813760,0,,,,,,,,,,,,,,,,
,3706115478.0949,14.2003650665283,-0.134321764111519,,,,,,,,,,,,,,,,,,,,,,,1.147988,8.862682E-06,0.05774077,,,21.3623,2.995932,1,0,0.001147971,0.001147971,1.156887E-06,,,,,,900,-94.21524,-97.55196,507813760,0,,,,,,,,,,,,,,,,
,3706115484.68417,14.200231552124,-0.183166027069092,,,6.543921,0.008063318,0.0509301,,,18.31055,2.94912,1,0,0.006543921,0.006543919,5.816878E-06,,,,,,300,-77.80447,-81.56931,,,,,,,,,,,,,,,,,,,,,507813760,0,,,,,,,,,,,,,,,,
,3706115491.15742,14.199649810791,-0.158743903040886,,,,,,,,,,,,,,,,,,,,,,,1.147969,7.620796E-05,0.05772829,,,21.3623,2.995932,1,0,0.001147952,0.001147952,1.156618E-06,,,,,,900,-90.50917,-90.97156,407149952,0,,,,,,,,,,,,,,,,
,3706115600.41391,14.4000701904297,-0.170954972505569,,,6.521998,0.0001832661,0.05122842,,,18.31055,2.94912,1,0,0.006521998,0.006521995,5.831348E-06,,,,,,300,-77.47113,-82.53918,,,,,,,,,,,,,,,,,,,,,507813760,0,,,,,,,,,,,,,,,,
,3706115600.60428,14.4000701904297,-0.158743903040886,,,,,,,,,,,,,,,,,,,,,,,1.146456,9.545749E-06,0.05787988,,,21.3623,2.995932,1,0,0.00114644,0.001146439,1.158127E-06,,,,,,900,-94.48294,-98.26469,507813760,0,,,,,,,,,,,,,,,,
,3706115610.09384,14.4000625610352,-0.219799250364304,,,6.522192,0.0001757639,0.05111706,,,18.31055,2.94912,1,0,0.006522192,0.006522189,5.818844E-06,,,,,,300,-77.27814,-82.97215,,,,,,,,,,,,,,,,,,,,,507813760,0,,,,,,,,,,,,,,,,
,3706115610.8939,14.3998584747314,-0.20758818089962,,,,,,,,,,,,,,,,,,,,,,,1.146465,9.810244E-06,0.05792895,,,21.3623,2.995932,1,0,0.001146449,0.001146448,1.159118E-06,,,,,,900,-95.34668,-98.46252,507813760,0,,,,,,,,,,,,,,,,
,3706115615.63412,14.4000196456909,-0.219799250364304,,,6.52225,0.0001329608,0.05125574,,,18.31055,2.94912,1,0,0.00652225,0.006522247,5.834682E-06,,,,,,300,-77.81401,-82.9786,,,,,,,,,,,,,,,,,,,,,507813760,0,,,,,,,,,,,,,,,,
,3706115622.0952,14.3998413085938,-0.195377111434937,,,,,,,,,,,,,,,,,,,,,,,1.146442,0.0004210945,0.05880185,,,21.3623,2.995932,1,0,0.001146426,0.001146425,1.17656E-06,,,,,,900,-86.61475,-93.4914,407149952,0,,,,,,,,,,,,,,,,
,3706115710.26238,14.6007947921753,-0.232010304927826,,,6.501837,0.000137905,0.05102607,,,18.31055,2.94912,1,0,0.006501837,0.006501834,5.790359E-06,,,,,,300,-77.36531,-82.741,,,,,,,,,,,,,,,,,,,,,507813760,0,,,,,,,,,,,,,,,,
,3706115710.45368,14.6006021499634,-0.256432443857193,,,,,,,,,,,,,,,,,,,,,,,1.144953,0.001604293,0.0578768,,,21.3623,2.995932,1,0,0.001144936,0.001144936,1.156546E-06,,,,,,900,-94.72337,-97.1349,507813760,0,,,,,,,,,,,,,,,,
,3706115721.75334,14.6002016067505,-0.280854612588882,,,6.502203,0.005355275,0.05112274,,,18.31055,2.94912,1,0,0.006502204,0.006502201,5.801656E-06,,,,,,300,-77.28299,-82.83153,,,,,,,,,,,,,,,,,,,,,507813760,0,,,,,,,,,,,,,,,,
,3706115721.94362,14.6003074645996,-0.256432443857193,,,,,,,,,,,,,,,,,,,,,,,1.144954,0.00180094,0.0578928,,,21.3623,2.995932,1,0,0.001144938,0.001144937,1.156868E-06,,,,,,900,-94.86859,-97.97646,507813760,0,,,,,,,,,,,,,,,,
,3706115727.33336,14.6000347137451,-0.256432443857193,,,6.502191,0.005363673,0.05105595,,,18.31055,2.94912,1,0,0.006502191,0.006502188,5.794066E-06,,,,,,300,-77.50094,-82.77569,,,,,,,,,,,,,,,,,,,,,507813760,0,,,,,,,,,,,,,,,,
,3706115733.8706,14.599627494812,-0.20758818089962,,,,,,,,,,,,,,,,,,,,,,,1.144953,0.002109527,0.05774435,,,21.3623,2.995932,1,0,0.001144936,0.001144936,1.1539E-06,,,,,,900,-95.50732,-101.5978,407149952,0,,,,,,,,,,,,,,,,
,3706115821.66179,14.8001222610474,-0.195377111434937,,,6.48189,0.0001566133,0.05105941,,,18.31055,2.94912,1,0,0.00648189,0.006481887,5.776366E-06,,,,,,300,-77.52923,-82.51777,,,,,,,,,,,,,,,,,,,,,507813760,0,,,,,,,,,,,,,,,,
,3706115843.45262,14.8005456924438,-0.256432443857193,,,6.481575,0.0001061853,0.05105132,,,18.31055,2.94912,1,0,0.006481576,0.006481573,5.775172E-06,,,,,,300,-77.63737,-82.29359,,,,,,,,,,,,,,,,,,,,,507813760,0,,,,,,,,,,,,,,,,
,3706115844.35265,14.8006973266602,-0.256432443857193,,,,,,,,,,,,,,,,,,,,,,,1.143462,8.894838E-06,0.05778772,,,21.3623,2.995932,1,0,0.001143446,0.001143445,1.153263E-06,,,,,,900,-95.22057,-97.53177,507813760,0,,,,,,,,,,,,,,,,
,3706115849.05267,14.8001222610474,-0.280854612588882,,,6.481606,0.0001001295,0.05123653,,,18.31055,2.94912,1,0,0.006481606,0.006481603,5.79615E-06,,,,,,300,-77.22021,-82.49953,,,,,,,,,,,,,,,,,,,,,507813760,0,,,,,,,,,,,,,,,,
,3706115855.51398,14.7996110916138,-0.268643528223038,,,,,,,,,,,,,,,,,,,,,,,1.143445,0.0007396456,0.05888601,,,21.3623,2.995932,1,0,0.001143428,0.001143428,1.175164E-06,,,,,,900,-87.91711,-100.178,407149952,0,,,,,,,,,,,,,,,,
,3706115855.8616,14.7997779846191,-0.317487806081772,,,,,,,,,,,,,,,,,,,,,,,1.143467,8.340077E-06,0.0578801,,,21.3623,2.995932,1,0,0.00114345,0.00114345,1.155111E-06,,,,,,900,-95.00026,-99.13487,407149952,0,,,,,,,,,,,,,,,,
,3706116204.82994,14.9998302459717,-0.170954972505569,,,,,,,,,,,,,,,,,,,,,,,1.14198,9.516231E-06,0.05783399,,,21.3623,2.995932,1,0,0.001141964,0.001141963,1.152691E-06,,,,,,900,-95.63208,-97.30503,507813760,0,,,,,,,,,,,,,,,,
,3706116205.07108,14.9998302459717,-0.146532833576202,,,6.461329,0.0001280356,0.05122864,,,18.31055,2.94912,1,0,0.00646133,0.006461327,5.777129E-06,,,,,,300,-77.75488,-82.57852,,,,,,,,,,,,,,,,,,,,,507813760,0,,,,,,,,,,,,,,,,
,3706116205.2732,14.9998302459717,-0.170954972505569,,,,,,,,,,,,,,,,,,,,,,,1.14198,9.516231E-06,0.05783399,,,21.3623,2.995932,1,0,0.001141964,0.001141963,1.152691E-06,,,,,,900,-95.63208,-97.30503,507813760,0,,,,,,,,,,,,,,,,
,3706116205.46316,15.0000534057617,-0.195377111434937,,,6.461329,0.0001280356,0.05122864,,,18.31055,2.94912,1,0,0.00646133,0.006461327,5.777129E-06,,,,,,300,-77.75488,-82.57852,,,,,,,,,,,,,,,,,,,,,507813760,0,,,,,,,,,,,,,,,,
,3706116205.65284,15.0002212524414,-0.20758818089962,,,,,,,,,,,,,,,,,,,,,,,1.14198,9.516231E-06,0.05783399,,,21.3623,2.995932,1,0,0.001141964,0.001141963,1.152691E-06,,,,,,900,-95.63208,-97.30503,507813760,0,,,,,,,,,,,,,,,,
,3706116212.04926,15.0001420974731,-0.219799250364304,,,6.461409,0.0005796694,0.05087965,,,18.31055,2.94912,1,0,0.006461408,0.006461406,5.737842E-06,,,,,,300,-76.89935,-82.4082,,,,,,,,,,,,,,,,,,,,,105159552,0,,,,,,,,,,,,,,,,
,3706116252.03335,14.999137878418,-0.219799250364304,,,6.461856,0.0002796947,0.05132984,,,18.31055,2.94912,1,0,0.006461856,0.006461854,5.789012E-06,,,,,,300,-77.09935,-81.64463,,,,,,,,,,,,,,,,,,,,,507813760,0,,,,,,,,,,,,,,,,
,3706116252.52239,14.9989128112793,-0.219799250364304,,,,,,,,,,,,,,,,,,,,,,,1.141981,9.864961E-06,0.05794053,,,21.3623,2.995932,1,0,0.001141965,0.001141964,1.154815E-06,,,,,,900,-94.85843,-97.39643,507813760,0,,,,,,,,,,,,,,,,
,3706116257.51244,14.9992475509644,-0.20758818089962,,,6.461805,0.0001199774,0.05121823,,,18.31055,2.94912,1,0,0.006461805,0.006461802,5.77638E-06,,,,,,300,-76.98407,-82.10323,,,,,,,,,,,,,,,,,,,,,507813760,0,,,,,,,,,,,,,,,,
,3706116258.10247,14.9999094009399,-0.158743903040886,,,,,,,,,,,,,,,,,,,,,,,1.141979,8.615119E-06,0.0579402,,,21.3623,2.995932,1,0,0.001141963,0.001141962,1.154807E-06,,,,,,900,-94.86096,-98.66799,507813760,0,,,,,,,,,,,,,,,,
,3706116262.99128,15.0003032684326,-0.183166027069092,,,6.461797,0.0002782209,0.0513236,,,18.31055,2.94912,1,0,0.006461797,0.006461794,5.788256E-06,,,,,,300,-77.20273,-82.23212,,,,,,,,,,,,,,,,,,,,,507813760,0,,,,,,,,,,,,,,,,
,3706116269.48939,14.9998846054077,-0.20758818089962,,,,,,,,,,,,,,,,,,,,,,,1.141976,9.393199E-06,0.0577988,,,21.3623,2.995932,1,0,0.00114196,0.001141959,1.151985E-06,,,,,,900,-95.75761,-101.0611,407149952,0,,,,,,,,,,,,,,,,
,3706116400.77292,19.99875831604,-0.219799250364304,,,6.034174,0.0001186067,0.05173562,,,18.31055,2.94912,1,0,0.006034174,0.006034172,5.448598E-06,,,,,,300,-77.85876,-81.89896,,,,,,,,,,,,,,,,,,,,,507813760,0,,,,,,,,,,,,,,,,
,3706116412.66369,20.0001983642578,-0.232010304927826,,,6.034133,0.0001883522,0.05175418,,,18.31055,2.94912,1,0,0.006034133,0.00603413,5.450515E-06,,,,,,300,-77.95953,-82.52231,,,,,,,,,,,,,,,,,,,,,507813760,0,,,,,,,,,,,,,,,,
,3706116413.05384,19.9999675750732,-0.219799250364304,,,,,,,,,,,,,,,,,,,,,,,1.10921,8.159348E-06,0.05689367,,,21.3623,2.995932,1,0,0.001109194,0.001109193,1.101409E-06,,,,,,900,-93.59939,-100.7675,507813760,0,,,,,,,,,,,,,,,,
,3706116418.24362,19.999662399292,-0.20758818089962,,,6.034317,0.0001007103,0.05177595,,,18.31055,2.94912,1,0,0.006034317,0.006034315,5.452976E-06,,,,,,300,-78.11116,-82.48565,,,,,,,,,,,,,,,,,,,,,507813760,0,,,,,,,,,,,,,,,,
,3706116424.86038,20.0000267028809,-0.195377111434937,,,,,,,,,,,,,,,,,,,,,,,1.109201,9.586796E-06,0.05562595,,,21.3623,2.995932,1,0,0.001109185,0.001109184,1.076858E-06,,,,,,900,-104.0694,-97.29224,407149952,0,,,,,,,,,,,,,,,,
,3706116425.23301,20.0006542205811,-0.219799250364304,,,,,,,,,,,,,,,,,,,,,,,1.109207,8.78375E-06,0.05690547,,,21.3623,2.995932,1,0,0.001109191,0.00110919,1.101635E-06,,,,,,900,-93.20613,-100.1768,407149952,0,,,,,,,,,,,,,,,,