,3702819856.592,51.5940361022949,4999.87841796875,,,2,,,,17.1400004208088,,,,,,,51.5940361022949,51.5940361022949,4999.87841796875,4999.87841796875,,,33.6338882446289,,,,801,51.7333717346191,0,0,0,0.048828125,40.0782012939453,,,,,,,,,,,,,,,,
,3702820110.711,52.243953704834,4999.99682617188,0.000287133836587761,1.42056229026406E-7,1,20.0100484152476,40.0298881530762,1.9740509598069,17.1300005167723,0.00310644674632333,0.000631662599000443,0.25,6.11404035130928E-6,0.000286752283976956,7.94903875919535E-6,52.2435607910156,52.2435607910156,4999.98974609375,5000.00390625,50.9371673412362,17.9018830648641,33.6567687988281,0,0,0,801,51.9559669494629,1,4,1,1.95449829101562,49.364616394043,,,,,,,,,,,,,,,,
,3702820130.732,52.24338722229,5000.00146484375,0.00029048305600477,1.54516306727753E-7,1,20.0100484152476,40.0298881530762,1.9741026458502,17.1300005167723,0.00314404465653183,0.000631954142839647,0.25,5.5323659309876E-6,0.000290101192562703,7.38954021061391E-6,52.2443466186523,52.2443466186523,4999.9990234375,5000.00390625,50.9574896827362,17.9023510994085,33.6567687988281,0,0,0,801,51.9562492370605,1,4,1,1.95770263671875,50.3421325683594,,,,,,,,,,,,,,,,
,3702820150.7065,52.2425765991211,5000.00146484375,0.000291061097689383,1.84742686192199E-7,1,20.0100484152476,40.0298881530762,1.97409803022874,17.1300005167723,0.00315096676470726,0.000629494700865458,0.25,5.20129335860085E-6,0.000290680597528028,7.06256175362706E-6,52.2424278259277,52.2424278259277,4999.9990234375,5000.00390625,50.9426387408708,17.9028143270949,33.6453285217285,0,0,0,801,51.9605751037598,1,4,1,1.95571899414062,50.3421325683594,,,,,,,,,,,,,,,,
,3702820477.428,57.2340049743652,4999.99462890625,,,2,,,,17.1200002685189,,,,,,,57.2340049743652,57.2340049743652,4999.99462890625,4999.99462890625,,,34.194450378418,,,,801,56.8962936401367,0,0,0,0.040435791015625,49.8533744812012,,,,,,,,,,,,,,,,
,3702820590.9135,57.1864166259766,5000.0087890625,0.000293073584865047,1.3218373477316E-7,1,20.0100484152476,40.0298881530762,1.9737360504195,17.1099994331598,0.00317732662086405,0.000631699454907458,0.25,4.97120533119211E-6,0.000293115843512894,6.84994584760425E-6,57.1868934631348,57.1868934631348,5000.0087890625,5000.0087890625,51.1489886699477,17.9100347495589,34.1601295471191,0,0,0,801,56.8777923583984,1,4,1,1.96075439453125,52.7859268188477,,,,,,,,,,,,,,,,
,3702820610.981,57.1851348876953,5000.00390625,0.000294683070635678,1.35856651966761E-7,1,20.0100484152476,40.0298881530762,1.97387054667952,17.1099994331598,0.00319537903349125,0.000633018071654368,0.25,4.79698433854898E-6,0.000294726748302055,6.68600307252319E-6,57.1859397888184,57.1859397888184,4999.9990234375,5000.0087890625,51.0153301931592,17.9124713883497,34.1715698242188,0,0,0,801,56.8760566711426,1,4,1,1.96029663085938,52.7859268188477,,,,,,,,,,,,,,,,
,3702820631.0495,57.1844387054443,5000.00390625,0.00029621805132307,1.4587454463381E-7,1,20.0100484152476,40.0298881530762,1.97384565493236,17.1099994331598,0.00321179870039444,0.000637331850088927,0.25,4.91613966743416E-6,0.000296261296442753,6.81502824314326E-6,57.1843299865723,57.1843299865723,4999.9990234375,5000.0087890625,51.1544600695823,17.9144887124349,34.1830101013184,0,0,0,801,56.8799362182617,1,4,1,1.95999145507813,52.7859268188477,,,,,,,,,,,,,,,,
,3702821051.228,62.1357841491699,5000.00390625,0.000283982654776088,1.27754386918832E-7,1,20.0100484152476,40.0298881530762,1.97371902374945,17.1099994331598,0.00308641238649123,0.000591563221301599,0.25,2.94757898066388E-6,0.000284387639868536,4.68708221786473E-6,62.1367607116699,62.1367607116699,4999.9990234375,5000.0087890625,51.3170388015824,17.9195758881609,34.6520538330078,0,0,0,801,61.8002891540527,1,4,1,1.96273803710938,54.2522010803223,,,,,,,,,,,,,,,,
,3702821071.2185,62.1354732513428,5000.01318359375,0.000284599423584038,1.15714371101421E-7,1,20.0100484152476,40.0298881530762,1.97365348008055,17.1099994331598,0.00309209781763168,0.000597912977382325,0.25,3.42086909167495E-6,0.00028500241579673,5.16485253297774E-6,62.1348075866699,62.1348075866699,5000.0087890625,5000.017578125,51.3670630268131,17.9205639865105,34.6520538330078,0,0,0,801,61.8012008666992,1,4,1,1.95968627929687,54.7409591674805,,,,,,,,,,,,,,,,
,3702821097.48,62.1367301940918,5000.0224609375,,,2,,,,17.1700001835823,,,,,,,62.1367301940918,62.1367301940918,5000.0224609375,5000.0224609375,,,34.674934387207,,,,801,61.7958679199219,0,0,0,0.042572021484375,51.808406829834,,,,,,,,,,,,,,,,
touchdown = 9.87000018358231 mm,3702821113.609,62.1362724304199,5000.017578125,0.000285733376636326,1.21346286889929E-7,1,20.0100484152476,40.0298881530762,1.99813013010676,17.1600002795458,0.00314154160315226,0.000604470352440717,0.25,3.17110611963211E-6,0.000286139634993238,4.92162826756739E-6,62.1361389160156,62.1361389160156,5000.017578125,5000.017578125,51.0372157916977,17.9230909370265,34.6520538330078,0,0,0,801,61.7985801696777,1,4,1,1.99066162109375,54.2522010803223,,,,,,,,,,,,,,,,
,3702821531.497,67.123161315918,5000.02709960937,0.000252836979429222,1.0164173113936E-7,1,20.0100484152476,40.0298881530762,1.99790977775737,17.1600002795458,0.0027841527378652,0.000524940470577163,0.25,1.97926300110287E-6,0.000253448639339058,3.41355277420598E-6,67.126106262207,67.126106262207,5000.0224609375,5000.03173828125,51.2341861785439,17.9285141400599,35.1096611022949,0,0,0,801,66.7449798583984,1,4,1,1.9757080078125,55.2297172546387,,,,,,,,,,,,,,,,
,3702821551.4315,67.118839263916,5000.01318359375,0.000252755257401858,1.00675922114535E-7,1,20.0100484152476,40.0298881530762,1.99796788489858,17.1600002795458,0.00278321738854639,0.000525396173129413,0.25,2.03394433830724E-6,0.000253366222135499,3.46801400966535E-6,67.1202163696289,67.1202163696289,5000.00390625,5000.0224609375,51.2365310641016,17.9293888748817,35.0982208251953,0,0,0,801,66.7424011230469,1,4,1,1.97860717773438,55.2297172546387,,,,,,,,,,,,,,,,
,3702821571.426,67.1161651611328,4999.99926757812,0.000252577588512029,1.03541790153983E-7,1,20.0100484152476,40.0298881530762,1.99783128022374,17.1600002795458,0.00278147725676962,0.000522786381974267,0.25,1.83237535393516E-6,0.000253189141167561,3.26501046594304E-6,67.1174621582031,67.1174621582031,4999.99462890625,5000.00390625,50.9770303957169,17.924643139798,35.1210975646973,0,0,0,801,66.7418594360352,1,4,1,1.97372436523438,55.2297172546387,,,,,,,,,,,,,,,,
,3702821677.895,74.0560989379883,5000.017578125,,,2,,,,17.1599996417761,,,,,,,74.0560989379883,74.0560989379883,5000.017578125,5000.017578125,,,35.6473426818848,,,,801,74.8077087402344,0,0,0,0.04241943359375,52.2971649169922,,,,,,,,,,,,,,,,
,3702821971.6725,72.0811614990234,4999.99926757812,0.000207599882230907,1.08998188963658E-7,1,20.0100484152476,40.0298881530762,1.99758740138029,17.1499997377396,0.00228873362091784,0.000423288491417858,0.25,1.00785238489393E-6,0.000208254403448626,2.08001506751702E-6,72.0832061767578,72.0832061767578,4999.99462890625,5000.00390625,51.3678446553324,17.919226261824,35.5443840026855,0,0,0,801,71.689826965332,1,4,1,1.97525024414062,55.2297172546387,,,,,,,,,,,,,,,,
,3702821991.66,72.0781364440918,5000.00146484375,0.000207080687796538,1.09518518189892E-7,1,20.0100484152476,40.0298881530762,1.99777919241981,17.1499997377396,0.00228338294960777,0.000421345695747256,0.25,9.21671140343752E-7,0.000207733926401575,1.99095003891619E-6,72.0791168212891,72.0791168212891,4999.9990234375,5000.00390625,51.2029210377746,17.9263678488241,35.5672645568848,0,0,0,801,71.6927337646484,1,4,1,1.97280883789062,55.2297172546387,,,,,,,,,,,,,,,,
,3702822011.6515,72.0773429870605,4999.9990234375,0.000206687725365784,1.08963273559768E-7,1,20.0100484152476,40.0298881530762,1.99770859280934,17.1499997377396,0.00227886317576051,0.000421143645822703,0.25,9.7533464182368E-7,0.000207339418991286,2.04277713181747E-6,72.0771560668945,72.0771560668945,4999.9990234375,4999.9990234375,51.3490855708708,17.9263958271849,35.5329437255859,0,0,0,801,71.6932144165039,1,4,1,1.97372436523438,55.2297172546387,,,,,,,,,,,,,,,,
,3702822298.426,77.1303329467773,5000.017578125,,,2,,,,17.1599996417761,,,,,,,77.1303329467773,77.1303329467773,5000.017578125,5000.017578125,,,35.9447860717773,,,,801,76.6879501342773,0,0,0,0.042877197265625,52.7859268188477,,,,,,,,,,,,,,,,
,3702822354.4145,77.0776138305664,5000.0087890625,0.000159660509330419,1.10681191872325E-7,1,20.0100484152476,40.0298881530762,1.99791314010159,17.1499997377396,0.0017614458027481,0.000325429687707523,0.25,8.24511656499154E-7,0.000160245855260924,1.57061198656754E-6,77.0838241577148,77.0838241577148,5000.0087890625,5000.0087890625,51.6797144345055,17.9239251043186,35.9447860717773,0,0,0,801,76.6318359375,1,4,1,1.97357177734375,54.7409591674805,,,,,,,,,,,,,,,,
,3702822371.8935,77.063907623291,5000.01098632812,0.000158939768432578,1.12186306617329E-7,1,20.0100484152476,40.0298881530762,1.99784948494708,17.1499997377396,0.00175339261218771,0.00032420995121195,0.25,8.44082291149708E-7,0.000159522176699935,1.5871073071641E-6,77.071403503418,77.071403503418,5000.0087890625,5000.01318359375,51.5523089858708,17.9252018808394,35.9447860717773,0,0,0,801,76.615104675293,1,4,1,1.97158813476562,55.2297172546387,,,,,,,,,,,,,,,,
,3702822391.8765,77.0488586425781,5000.01318359375,0.000158381976695168,1.06749811497111E-7,1,20.0100484152476,40.0298881530762,1.99783404012638,17.1499997377396,0.00174729570017374,0.000322670281352766,0.25,8.04750875824903E-7,0.000158962305699409,1.54526046425849E-6,77.0564117431641,77.0564117431641,5000.01318359375,5000.01318359375,51.37018954089,17.9260763835294,35.9219055175781,0,0,0,801,76.6075744628906,1,4,1,1.97402954101562,55.2297172546387,,,,,,,,,,,,,,,,
,3702822692.028,82.0703315734863,5000.02954101562,0.000115085685001878,1.16665987324548E-7,1,20.0100484152476,40.0298881530762,1.99772001040076,17.1499997377396,0.00127022024681893,0.000233458980007207,0.25,5.39729438953368E-7,0.000115548969040349,1.02552679420932E-6,82.0801162719727,82.0801162719727,5000.0087890625,5000.05029296875,51.4084893383324,17.9259862472652,36.2765502929687,0,0,0,801,81.6255645751953,1,4,1,1.97280883789062,55.7184753417969,,,,,,,,,,,,,,,,
,3702822712.0735,82.0517425537109,5000.02465820313,0.000114351857937275,1.31925702015404E-7,1,20.0100484152476,40.0298881530762,1.99761940790965,17.1499997377396,0.00126219781098885,0.000231184151934463,0.25,4.6595702677966E-7,0.000114812358499652,9.48553187324039E-7,82.060546875,82.060546875,4999.9990234375,5000.05029296875,51.1474254129093,17.9257535500071,36.299430847168,0,0,0,801,81.6033096313477,1,4,1,1.9720458984375,55.2297172546387,,,,,,,,,,,,,,,,
,3702822732.1225,82.034236907959,5000.00610351562,0.000113617566128805,1.19909962201074E-7,1,20.0100484152476,40.0298881530762,1.9975956918529,17.1499997377396,0.00125429703923425,0.000228469432198951,0.25,3.51677158408873E-7,0.000114075460571499,8.30893822203681E-7,82.0429382324219,82.0429382324219,4999.9990234375,5000.01318359375,51.6773695489478,17.9244283302774,36.2879905700684,0,0,0,801,81.5852890014648,1,4,1,1.97357177734375,55.7184753417969,,,,,,,,,,,,,,,,
,3702822838.358,89.240364074707,5000.00390625,,,2,,,,17.1599996417761,,,,,,,89.240364074707,89.240364074707,5000.00390625,5000.00390625,,,36.6883926391602,,,,801,91.4844970703125,0,0,0,0.045013427734375,52.7859268188477,,,,,,,,,,,,,,,,
,3702823032.2905,87.0233535766602,5000.02001953125,7.74839300841418E-5,1.14099874928686E-7,1,20.0100484152476,40.0298881530762,1.99754949400985,17.1499997377396,0.00085482940167044,0.000160052292658628,0.25,6.51656252210368E-7,7.78133893951163E-5,9.49334284002787E-7,87.0312347412109,87.0312347412109,5000.017578125,5000.0224609375,51.607022982217,17.9319403118237,36.6197509765625,0,0,0,801,86.5932769775391,1,4,1,1.97402954101562,55.7184753417969,,,,,,,,,,,,,,,,
,3702823052.2835,87.0060119628906,5000.01538085937,7.67932151520512E-5,1.15619813692561E-7,1,20.0100484152476,40.0298881530762,1.99749785270124,17.1499997377396,0.000847039894570853,0.00015945005173899,0.25,7.20735705097035E-7,7.71193996114213E-5,1.01618010024038E-6,87.0154724121094,87.0154724121094,5000.01318359375,5000.017578125,51.1458621558708,17.9287286962241,36.6197509765625,0,0,0,801,86.5671463012695,1,4,1,1.973876953125,55.7184753417969,,,,,,,,,,,,,,,,
,3702823072.212,86.9880905151367,5000.01782226562,7.61847182559545E-5,1.13893979286781E-7,1,20.0100484152476,40.0298881530762,1.99748955160162,17.1499997377396,0.000840412658573248,0.00015769030193369,0.25,6.70070216791318E-7,7.65084349279113E-5,9.6308272158905E-7,86.9965515136719,86.9965515136719,5000.01318359375,5000.0224609375,51.3780058260824,17.9266152616512,36.6083106994629,0,0,0,801,86.547004699707,1,4,1,1.97860717773438,55.7184753417969,,,,,,,,,,,,,,,,
,3702823372.3865,91.9747810363769,4999.9130859375,5.15362174879325E-5,1.15681567675409E-7,1,20.0100484152476,40.0298881530762,1.9974856150542,17.1499997377396,0.000568504056878707,0.000107217165506901,0.25,5.19005470169929E-7,5.17632661274993E-5,6.99638768230517E-7,91.9803085327148,91.9803085327148,4999.91064453125,4999.91552734375,51.2474738633708,17.9289878219844,36.9057540893555,0,0,0,801,91.5547561645508,1,4,1,1.976318359375,55.7184753417969,,,,,,,,,,,,,,,,
,3702823392.395,91.9602661132813,4999.90380859375,5.12416983492483E-5,1.12533797401728E-7,1,20.0100484152476,40.0298881530762,1.99750626357118,17.1499997377396,0.00056516226791515,0.000107156803221067,0.25,5.65882735409182E-7,5.14672579012422E-5,7.45753187812399E-7,91.9692535400391,91.9692535400391,4999.89697265625,4999.91064453125,51.5898271547939,17.933017250904,36.9057540893555,0,0,0,801,91.5194473266602,1,4,1,1.97769165039062,55.7184753417969,,,,,,,,,,,,,,,,
,3702823412.48,91.9425735473633,4999.89916992188,5.08757320651744E-5,1.14234522834102E-7,1,20.0100484152476,40.0298881530762,1.99751048656397,17.1499997377396,0.000560874616299896,0.000107806784851913,0.25,6.89835767216495E-7,5.10992143916396E-5,8.69048093583364E-7,91.9512786865234,91.9512786865234,4999.89697265625,4999.9013671875,51.1951047525823,17.9308594260522,36.9171943664551,0,0,0,801,91.4937057495117,1,4,1,1.97311401367187,55.7184753417969,,,,,,,,,,,,,,,,
,3702823461.018,92.1053466796875,4999.89697265625,,,2,,,,17.1700001835823,,,,,,,92.1053466796875,92.1053466796875,4999.89697265625,4999.89697265625,,,36.9286346435547,,,,801,95.056999206543,0,0,0,0.03631591796875,52.7859268188477,,,,,,,,,,,,,,,,
,3702823712.575,96.9221038818359,4999.9130859375,3.56619450856248E-5,1.1774178717391E-7,1,20.0100484152476,40.0298881530762,1.99735763980743,17.1600002795458,0.000393145512916491,7.56652079880907E-5,0.25,5.02833162821536E-7,3.5822146408171E-5,6.17839390453315E-7,96.9247131347656,96.9247131347656,4999.91064453125,4999.91552734375,51.3858221112747,17.9354806796016,37.1803169250488,0,0,0,801,96.515998840332,1,4,1,1.97830200195313,55.7184753417969,,,,,,,,,,,,,,,,
,3702823732.5965,96.9105987548828,4999.91528320313,3.55044973637269E-5,1.12981378761904E-7,1,20.0100484152476,40.0298881530762,1.9974668590977,17.1600002795458,0.000391283804018326,7.61571029654854E-5,0.25,5.74967708281454E-7,3.56637500500795E-5,6.89826405206607E-7,96.9194946289063,96.9194946289063,4999.91064453125,4999.919921875,51.23809432114,17.9361432886787,37.1917572021484,0,0,0,801,96.4746398925781,1,4,1,1.97952270507813,55.7184753417969,,,,,,,,,,,,,,,,
,3702823752.5945,96.8929710388184,4999.91064453125,3.54190076002995E-5,1.19232079372813E-7,1,20.0100484152476,40.0298881530762,1.9973926962031,17.1600002795458,0.000390160961056727,7.69088452019509E-5,0.25,6.58402221082217E-7,3.55775989112413E-5,7.73404128478869E-7,96.9017028808594,96.9017028808594,4999.9013671875,4999.919921875,51.2599799196785,17.9378544641937,37.1803169250488,0,0,0,801,96.4457092285156,1,4,1,1.97525024414062,55.7184753417969,,,,,,,,,,,,,,,,
,3702823858.851,104.266311645508,5000.0361328125,,,2,,,,17.1599996417761,,,,,,,104.266311645508,104.266311645508,5000.0361328125,5000.0361328125,,,37.5006408691406,,,,801,109.046760559082,0,0,0,0.044708251953125,52.7859268188477,,,,,,,,,,,,,,,,
,3702824052.7205,101.873817443848,5000.05493164063,2.5790757635383E-5,1.11401911485113E-7,1,20.0100484152476,40.0298881530762,1.99725184249218,17.1499997377396,0.000283778244308617,5.77968984397433E-5,0.25,6.48587777568889E-7,2.59072229567707E-5,7.26387274560965E-7,101.871147155762,101.871147155762,5000.05029296875,5000.0595703125,51.5304233873324,17.9341661847662,37.4434394836426,0,0,0,801,101.49242401123,1,4,1,1.9769287109375,55.7184753417969,,,,,,,,,,,,,,,,
,3702824072.676,101.868885040283,5000.04321289063,2.58374779510593E-5,1.22936176567208E-7,1,20.0100484152476,40.0298881530762,1.99727339030434,17.1499997377396,0.000284712330884249,5.55537152124242E-5,0.25,4.37274466439694E-7,2.59547697407566E-5,5.14246059891475E-7,101.876487731934,101.876487731934,5000.0361328125,5000.05029296875,51.6195290385247,17.9324888304716,37.4434394836426,0,0,0,801,101.438041687012,1,4,1,1.97769165039062,55.7184753417969,,,,,,,,,,,,,,,,
,3702824092.749,101.851547241211,5000.04541015625,2.572422527766E-5,1.16587227862585E-7,1,20.0100484152476,40.0298881530762,1.99723731108896,17.1499997377396,0.000283181746678746,5.68728410497712E-5,0.25,5.7680677667841E-7,2.58405890091323E-5,6.54111786006318E-7,101.861282348633,101.861282348633,5000.0361328125,5000.0546875,51.7320835452939,17.9302789349139,37.431999206543,0,0,0,801,101.402305603027,1,4,1,1.97601318359375,55.7184753417969,,,,,,,,,,,,,,,,
,3702824412.9725,106.824535369873,4999.89697265625,1.96605036492759E-5,1.44583670073657E-7,1,20.0100484152476,40.0298881530762,1.99712362788358,17.1499997377396,0.00021637110036256,4.37599195217901E-5,0.25,4.71932804706294E-7,1.97498207758502E-5,5.26705370099174E-7,106.83016204834,106.83016204834,4999.89697265625,4999.89697265625,51.22793315039,17.9310862409137,37.6608009338379,0,0,0,801,106.402053833008,1,4,1,1.97647094726562,56.2072334289551,,,,,,,,,,,,,,,,
,3702824432.911,106.80933380127,4999.89916992188,1.97703268436199E-5,1.19407920609133E-7,1,20.0100484152476,40.0298881530762,1.99712994212197,17.1499997377396,0.00021741427356639,4.49410060010967E-5,0.25,5.59289762026202E-7,1.98599156037192E-5,6.14771389208913E-7,106.818908691406,106.818908691406,4999.89697265625,4999.9013671875,51.5210438451016,17.9315793946042,37.6608009338379,0,0,0,801,106.360763549805,1,4,1,1.97860717773438,56.2072334289551,,,,,,,,,,,,,,,,
,3702824452.938,106.78881072998,4999.88989257812,1.97403721886086E-5,1.25958481384748E-7,1,20.0100484152476,40.0298881530762,1.99720927026154,17.1499997377396,0.000216998544704342,4.54073441699555E-5,0.25,6.06624298594938E-7,1.98296953709635E-5,6.62261079923046E-7,106.799758911133,106.799758911133,4999.87841796875,4999.9013671875,51.4569503065247,17.9347573635302,37.6608009338379,0,0,0,801,106.33373260498,1,4,1,1.97601318359375,56.2072334289551,,,,,,,,,,,,,,,,
,3702824479.33,106.764877319336,4999.8828125,,,2,,,,17.1599996417761,,,,,,,106.764877319336,106.764877319336,4999.8828125,4999.8828125,,,37.6951217651367,,,,801,106.312995910645,0,0,0,0.047607421875,53.2746849060059,,,,,,,,,,,,,,,,
,3702824813.225,111.784614562988,4999.89013671875,1.53737090429166E-5,1.18663722373994E-7,1,20.0100484152476,40.0298881530762,1.99709185445461,17.1499997377396,0.000168611853161348,3.74823673546069E-5,0.25,6.67415908320091E-7,1.54427706568823E-5,7.08583225261485E-7,111.785865783691,111.785865783691,4999.8876953125,4999.892578125,51.4366279650247,17.935511546133,37.9010429382324,0,0,0,801,111.388397216797,1,4,1,1.97463989257813,55.7184753417969,,,,,,,,,,,,,,,,
,3702824833.1875,111.773662567139,4999.88305664063,1.53220116131665E-5,1.16057141988928E-7,1,20.0100484152476,40.0298881530762,1.99706843502204,17.1499997377396,0.000168297963371454,3.59168344542428E-5,0.25,5.34961015192622E-7,1.53911640687685E-5,5.75397215162845E-7,111.783363342285,111.783363342285,4999.87841796875,4999.8876953125,51.4053628242554,17.934424114927,37.9010429382324,0,0,0,801,111.334869384766,1,4,1,1.97601318359375,56.2072334289551,,,,,,,,,,,,,,,,
,3702824853.1165,111.752265930176,4999.87841796875,1.52763051963589E-5,1.15796512292341E-7,1,20.0100484152476,40.0298881530762,1.99715448955898,17.1499997377396,0.000168046472792842,3.44358447395026E-5,0.25,4.08922695502226E-7,1.53455606763836E-5,4.48678040449875E-7,111.763961791992,111.763961791992,4999.87841796875,4999.87841796875,51.15680495514,17.9351438084552,37.8896026611328,0,0,0,801,111.301536560059,1,4,1,1.97982788085938,55.7184753417969,,,,,,,,,,,,,,,,
,3702824959.368,118.888130187988,4999.91064453125,,,2,,,,17.1599996417761,,,,,,,118.888130187988,118.888130187988,4999.91064453125,4999.91064453125,,,38.1184043884277,,,,801,125.435821533203,0,0,0,0.036773681640625,52.7859268188477,,,,,,,,,,,,,,,,
,3702825173.3975,116.747341156006,5000.02001953125,1.21945858504995E-5,1.23688351542187E-7,1,20.0100484152476,40.0298881530762,1.99705826003933,17.1499997377396,0.000133652598903264,3.02228911537718E-5,0.25,5.76067628334032E-7,1.22490112854173E-5,6.06814960494183E-7,116.752128601074,116.752128601074,5000.017578125,5000.0224609375,51.3357978860439,17.9387641061759,38.0840835571289,0,0,0,801,116.344604492187,1,4,1,1.97540283203125,55.7184753417969,,,,,,,,,,,,,,,,
,3702825193.295,116.730670928955,5000.02001953125,1.22903673585649E-5,1.23860704046237E-7,1,20.0100484152476,40.0298881530762,1.9970865149016,17.1499997377396,0.000134629083398151,3.08849994902981E-5,0.25,6.18976093392536E-7,1.23451329530753E-5,6.50147168615367E-7,116.742553710938,116.742553710938,5000.017578125,5000.0224609375,51.678151177467,17.9342274753562,38.1069641113281,0,0,0,801,116.290802001953,1,4,1,1.97998046875,56.2072334289551,,,,,,,,,,,,,,,,
,3702825213.277,116.705905914307,5000.02465820313,1.21697250565961E-5,1.20948556746208E-7,1,20.0100484152476,40.0298881530762,1.99702712153575,17.1499997377396,0.000133290112084531,3.06584034939206E-5,0.25,6.19896304981867E-7,1.22239386492437E-5,6.50803327395899E-7,116.718788146973,116.718788146973,5000.0224609375,5000.02685546875,51.6101494962939,17.9359599023192,38.0955238342285,0,0,0,801,116.255706787109,1,4,1,1.97723388671875,56.2072334289551,,,,,,,,,,,,,,,,
,3702825533.518,121.717147827148,4999.92700195313,9.9373150142715E-6,1.17315222610398E-7,1,20.0100484152476,40.0298881530762,1.99710198509608,17.1499997377396,0.000108848978254554,2.49796452658235E-5,0.25,5.02747298119389E-7,9.98122731447288E-6,5.26423454232578E-7,121.721588134766,121.721588134766,4999.919921875,4999.93408203125,51.2490371204093,17.937908644102,38.2900047302246,0,0,0,801,121.339576721191,1,4,1,1.97845458984375,56.2072334289551,,,,,,,,,,,,,,,,
,3702825553.5785,121.699245452881,4999.92700195313,1.00810456190008E-5,1.18451272295999E-7,1,20.0100484152476,40.0298881530762,1.99714963516426,17.1499997377396,0.000110429682361215,2.53199067593695E-5,0.25,5.08058057620009E-7,1.01255988737282E-5,5.32073051591149E-7,121.712707519531,121.712707519531,4999.919921875,4999.93408203125,51.22793315039,17.9439959938528,38.2900047302246,0,0,0,801,121.276184082031,1,4,1,1.976318359375,56.2072334289551,,,,,,,,,,,,,,,,
,3702825580.121,121.663673400879,4999.93408203125,,,2,,,,17.1500000312924,,,,,,,121.663673400879,121.663673400879,4999.93408203125,4999.93408203125,,,38.2785682678223,,,,801,121.237327575684,0,0,0,0.042877197265625,53.2746849060059,,,,,,,,,,,,,,,,
touchdown = 9.85000003129244 mm,3702825596.136,121.646656036377,4999.92700195313,1.0125905053644E-5,1.14045551877778E-7,1,20.0100484152476,40.0298881530762,1.97238067190622,17.1399991959333,0.000109640731593415,2.49727579287768E-5,0.25,4.9567524082242E-7,1.01706928290057E-5,5.19746348935108E-7,121.68578338623,121.68578338623,4999.919921875,4999.93408203125,51.7023816615632,17.9442943950666,38.2785682678223,0,0,0,801,121.187789916992,1,4,1,1.94747924804687,55.2297172546387,,,,,,,,,,,,,,,,
,3702825973.7155,126.630428314209,4999.92724609375,8.34599197702079E-6,1.26770805100737E-7,1,20.0100484152476,40.0298881530762,1.97233844291055,17.1399991959333,9.01646753875023E-5,2.16974492324661E-5,0.25,5.118326632207E-7,8.38227461986818E-6,5.30986897775997E-7,126.646186828613,126.646186828613,4999.9248046875,4999.9296875,51.2060475518516,17.9419561821102,38.4616088867188,0,0,0,801,126.233497619629,1,4,1,1.96746826171875,56.2072334289551,,,,,,,,,,,,,,,,
,3702825993.7705,126.60111618042,4999.93408203125,8.40955801315706E-6,1.21561970858016E-7,1,20.0100484152476,40.0298881530762,1.97231607640029,17.1399991959333,9.07591401751792E-5,2.23792014764968E-5,0.25,5.63037013899987E-7,8.44602410600019E-6,5.82555125106331E-7,126.614669799805,126.614669799805,4999.9248046875,4999.943359375,51.515572445467,17.937622022625,38.4616088867188,0,0,0,801,126.206230163574,1,4,1,1.96670532226562,55.7184753417969,,,,,,,,,,,,,,,,
,3702826013.803,126.576305389404,4999.94555664063,8.39092029359333E-6,1.29279092243105E-7,1,20.0100484152476,40.0298881530762,1.97232136148016,17.1399991959333,9.03939376460841E-5,2.32595152666039E-5,0.25,6.46922222217963E-7,8.42713569508958E-6,6.6678325648823E-7,126.587562561035,126.587562561035,4999.943359375,4999.94775390625,51.1849435818323,17.9454821073647,38.4730491638184,0,0,0,801,126.188301086426,1,4,1,1.96334838867187,55.7184753417969,,,,,,,,,,,,,,,,
,3702826140.243,134.799575805664,4999.94775390625,,,2,,,,17.1500000312924,,,,,,,134.799575805664,134.799575805664,4999.94775390625,4999.94775390625,,,38.6789703369141,,,,801,135.394165039062,0,0,0,0.0421142578125,52.7859268188477,,,,,,,,,,,,,,,,
,3702826373.919,131.58659362793,4999.94091796875,7.3984374038745E-6,1.26956413325925E-7,1,20.0100484152476,40.0298881530762,1.99695839469767,17.1399991959333,8.05243708205518E-5,2.14272102085036E-5,0.25,6.32512144632013E-7,7.42981160018635E-6,6.49369576566771E-7,131.602935791016,131.602935791016,4999.93408203125,4999.94775390625,51.0684809324669,17.9355322488228,38.6332092285156,0,0,0,801,131.198303222656,1,4,1,1.97494506835938,55.7184753417969,,,,,,,,,,,,,,,,
,3702826393.9675,131.555572509766,4999.92700195313,7.35380778091766E-6,1.21606291795381E-7,1,20.0100484152476,40.0298881530762,1.99699034674714,17.1399991959333,8.00975640371796E-5,2.0971576219222E-5,0.25,5.99127510044367E-7,7.38505189106553E-6,6.15758479384128E-7,131.570251464844,131.570251464844,4999.90625,4999.94775390625,51.30922251639,17.9393859257364,38.6332092285156,0,0,0,801,131.168960571289,1,4,1,1.97509765625,55.7184753417969,,,,,,,,,,,,,,,,
,3702826413.9565,131.529602050781,4999.91796875,7.0912591874843E-6,1.2903942622121E-7,1,20.0100484152476,40.0298881530762,1.99710204292702,17.1399991959333,7.71583386244167E-5,2.06977870236404E-5,0.25,6.20610735502089E-7,7.12130856770582E-6,6.36841142602196E-7,131.540893554688,131.540893554688,4999.90625,4999.9296875,51.4585135635631,17.9413447594885,38.6446495056152,0,0,0,801,131.151138305664,1,4,1,1.97769165039062,55.7184753417969,,,,,,,,,,,,,,,,
,3702826760.344,136.57682800293,4999.943359375,,,2,,,,17.1599996417761,,,,,,,136.57682800293,136.57682800293,4999.943359375,4999.943359375,,,38.7933692932129,,,,801,136.158645629883,0,0,0,0.037994384765625,53.2746849060059,,,,,,,,,,,,,,,,
,3702826816.523,136.487281799316,4999.9365234375,6.18835970066603E-6,1.21116651166705E-7,1,20.0100484152476,40.0298881530762,1.99686007979888,17.1499997377396,6.73985903873473E-5,1.76239685504068E-5,0.25,5.02866044529424E-7,6.21423312917563E-6,5.16164852101574E-7,136.496948242188,136.496948242188,4999.9296875,4999.943359375,51.5773210984862,17.9357694277928,38.7933692932129,0,0,0,801,136.053192138672,1,4,1,1.97860717773438,55.2297172546387,,,,,,,,,,,,,,,,
,3702826834.135,136.468536376953,4999.9248046875,6.08948833771697E-6,1.21335203833433E-7,1,20.0100484152476,40.0298881530762,1.99694474206189,17.1499997377396,6.65034450030386E-5,1.63288526583019E-5,0.25,4.03043723542498E-7,6.11511508147278E-6,4.15735315047653E-7,136.477615356445,136.477615356445,4999.919921875,4999.9296875,51.4639849631977,17.9384757648752,38.7933692932129,0,0,0,801,136.041122436523,1,4,1,1.97830200195313,55.7184753417969,,,,,,,,,,,,,,,,
,3702826854.1915,136.451034545898,4999.93383789063,6.25787183920203E-6,1.24857253623941E-7,1,20.0100484152476,40.0298881530762,1.99686200960168,17.1499997377396,6.80696899412523E-5,1.83096598235468E-5,0.25,5.52647129318916E-7,6.28395988136318E-6,5.66291192114857E-7,136.459457397461,136.459457397461,4999.919921875,4999.94775390625,51.4788359050631,17.9403605834939,38.8048095703125,0,0,0,801,136.034820556641,1,4,1,1.99539184570313,55.7184753417969,,,,,,,,,,,,,,,,
,3702827214.374,141.525665283203,4999.93188476562,5.27186143095067E-6,1.25403307886837E-7,1,20.0100484152476,40.0298881530762,1.99684742897916,17.1499997377396,5.74328724820245E-5,1.48942030151815E-5,0.25,4.18184798674865E-7,5.2935065284635E-6,4.28926220535466E-7,141.544662475586,141.544662475586,4999.9296875,4999.93408203125,51.5343315299285,17.9428437838117,38.9306526184082,0,0,0,801,140.958206176758,1,4,1,1.978759765625,56.2072334289551,,,,,,,,,,,,,,,,
,3702827234.4075,141.489120483398,4999.93872070313,5.33697798082872E-6,1.23353930766345E-7,1,20.0100484152476,40.0298881530762,1.99685351862335,17.1499997377396,5.83368305214997E-5,1.39762896057473E-5,0.25,3.23613592820251E-7,5.3590633630672E-6,3.34068473664401E-7,141.50666809082,141.50666809082,4999.93408203125,4999.943359375,51.1388274991977,17.9374536019646,38.9535331726074,0,0,0,801,140.925079345703,1,4,1,1.97540283203125,56.2072334289551,,,,,,,,,,,,,,,,
,3702827254.434,141.457443237305,4999.943359375,5.18415652621718E-6,1.24884595604574E-7,1,20.0100484152476,40.0298881530762,1.99690601532051,17.1499997377396,5.62893171401146E-5,1.57224354484229E-5,0.25,5.08567760126736E-7,5.20528162482094E-6,5.19550292353853E-7,141.471572875977,141.471572875977,4999.943359375,4999.943359375,51.5218254736208,17.9420172304279,38.9420928955078,0,0,0,801,140.90705871582,1,4,1,1.98226928710938,56.2072334289551,,,,,,,,,,,,,,,,
,3702827380.982,149.550003051758,4999.93408203125,,,2,,,,17.1400004208088,,,,,,,149.550003051758,149.550003051758,4999.93408203125,4999.93408203125,,,39.1251335144043,,,,801,150.606552124023,0,0,0,0.031585693359375,52.7859268188477,,,,,,,,,,,,,,,,
,3702827614.5465,146.492431640625,4999.931640625,4.26164749257073E-6,1.19696722544195E-7,1,20.0100484152476,40.0298881530762,1.99670897410826,17.1300005167723,4.63949124777626E-5,1.21827012721445E-5,0.25,3.51484773132745E-7,4.27876029043027E-6,3.5982940606227E-7,146.513107299805,146.513107299805,4999.9248046875,4999.9384765625,51.1200684147362,17.9413563046779,39.1022529602051,0,0,0,801,145.837219238281,1,4,1,1.9769287109375,56.2072334289551,,,,,,,,,,,,,,,,
,3702827634.5595,146.453666687012,4999.94311523438,4.40942161400278E-6,1.21741608412981E-7,1,20.0100484152476,40.0298881530762,1.99669348179175,17.1300005167723,4.81321687061468E-5,1.18743590996308E-5,0.25,2.97526422970126E-7,4.42723777013732E-6,3.05888985120874E-7,146.471755981445,146.471755981445,4999.9384765625,4999.94775390625,51.5101010458324,17.9419155393273,39.0793724060059,0,0,0,801,145.800216674805,1,4,1,1.98074340820313,56.2072334289551,,,,,,,,,,,,,,,,
,3702827654.6285,146.420257568359,4999.94555664063,4.30855256740295E-6,1.23101852886609E-7,1,20.0100484152476,40.0298881530762,1.99673100178119,17.1300005167723,4.66018530178042E-5,1.40427346287423E-5,0.25,5.11566604614662E-7,4.32560663254488E-6,5.20656951971724E-7,146.435577392578,146.435577392578,4999.943359375,4999.94775390625,51.4131791094477,17.9445296715629,39.0793724060059,0,0,0,801,145.779998779297,1,4,1,1.98165893554687,56.2072334289551,,,,,,,,,,,,,,,,
,3702828001.319,151.477600097656,4999.9384765625,,,2,,,,17.1500000312924,,,,,,,151.477600097656,151.477600097656,4999.9384765625,4999.9384765625,,,39.2280960083008,,,,801,150.870635986328,0,0,0,0.0372314453125,53.2746849060059,,,,,,,,,,,,,,,,
,3702828057.2595,151.369361877441,4999.93872070313,3.68032701748015E-6,1.3082055818694E-7,1,20.0100484152476,40.0298881530762,1.99691602679317,17.1399991959333,3.98930514496745E-5,1.15061879296652E-5,0.25,3.92997470550042E-7,3.69463733631278E-6,4.00259150351514E-7,151.379470825195,151.379470825195,4999.93408203125,4999.943359375,51.5249519876978,17.9483993034571,39.2166557312012,0,0,0,801,150.741561889648,1,4,1,1.97921752929687,55.2297172546387,,,,,,,,,,,,,,,,
,3702828074.7745,151.347991943359,4999.93408203125,3.71045576785982E-6,1.31071689113144E-7,1,20.0100484152476,40.0298881530762,1.99671789242482,17.1399991959333,3.9919025792174E-5,1.32837834778769E-5,0.25,5.48705976082506E-7,3.72464977984764E-6,5.56646527752625E-7,151.359252929687,151.359252929687,4999.93408203125,4999.93408203125,51.5749762129285,17.9385929815754,39.2280960083008,0,0,0,801,150.731201171875,1,4,1,1.97891235351562,55.7184753417969,,,,,,,,,,,,,,,,
,3702828094.813,151.328506469727,4999.93872070313,3.77457350343018E-6,1.30219339139768E-7,1,20.0100484152476,40.0298881530762,1.99678192964341,17.1399991959333,4.06431801301356E-5,1.3325960737137E-5,0.25,5.41187357154163E-7,3.78904031488364E-6,5.49197515349335E-7,151.336730957031,151.336730957031,4999.93408203125,4999.943359375,51.5695048132939,17.9465660924568,39.2052154541016,0,0,0,801,150.727325439453,1,4,1,1.97906494140625,55.2297172546387,,,,,,,,,,,,,,,,
,3702828475.0335,156.355369567871,5000.12719726562,3.06935028290359E-6,1.35251663467152E-7,1,20.0100484152476,40.0298881530762,1.99689547486205,17.1399991959333,3.27422947587371E-5,1.25729517061482E-5,0.25,5.97557907718767E-7,3.0805939603704E-6,6.04430799859754E-7,156.374496459961,156.374496459961,5000.125,5000.12939453125,51.4475707642939,17.9436035967005,39.3424949645996,0,0,0,801,155.807189941406,1,4,1,1.99462890625,56.2072334289551,,,,,,,,,,,,,,,,
,3702828494.988,156.320442199707,5000.125,3.19214823353176E-6,1.75494755200789E-7,1,20.0100484152476,40.0298881530762,1.99677237585795,17.1399991959333,3.41422637618604E-5,1.25529481204467E-5,0.25,5.74181219369607E-7,3.20391336369627E-6,5.81144253625246E-7,156.336242675781,156.336242675781,5000.125,5000.125,51.28890017489,17.9438989066937,39.3539352416992,0,0,0,801,155.788833618164,1,4,1,1.97662353515625,56.2072334289551,,,,,,,,,,,,,,,,
,3702828514.9995,156.293312072754,5000.12939453125,2.96820204207546E-6,1.35572561494348E-7,1,20.0100484152476,40.0298881530762,1.99679880465251,17.1399991959333,3.1517163035524E-5,1.29796359168093E-5,0.25,6.52240952156542E-7,2.97896920370312E-6,6.59184418886716E-7,156.304641723633,156.304641723633,5000.125,5000.1337890625,51.1091256154669,17.9462960042845,39.3653755187988,0,0,0,801,155.782302856445,1,4,1,1.9805908203125,56.2072334289551,,,,,,,,,,,,,,,,
,3702828621.342,162.637237548828,5000.13818359375,,,2,,,,17.1400004208088,,,,,,,162.637237548828,162.637237548828,5000.13818359375,5000.13818359375,,,39.4683380126953,,,,801,170.67626953125,0,0,0,0.039520263671875,53.2746849060059,,,,,,,,,,,,,,,,
,3702828895.266,161.305160522461,4999.91528320313,2.47649788289788E-6,1.44732446861512E-7,1,20.0100484152476,40.0298881530762,1.99661930228162,17.1300005167723,2.61030597564514E-5,1.18971208916935E-5,0.25,6.41208585010425E-7,2.48511087932311E-6,6.47156851587989E-7,161.326126098633,161.326126098633,4999.91064453125,4999.919921875,51.5616885281016,17.9437033136069,39.4797782897949,0,0,0,801,160.895370483398,1,4,1,1.98089599609375,56.2072334289551,,,,,,,,,,,,,,,,
,3702828915.268,161.268547058105,4999.91064453125,2.43669329120146E-6,1.3120337561481E-7,1,20.0100484152476,40.0298881530762,1.99668184473525,17.1300005167723,2.57923707531928E-5,1.10924299480843E-5,0.25,5.75321988399927E-7,2.44524777177601E-6,5.80962650828911E-7,161.284194946289,161.284194946289,4999.91064453125,4999.91064453125,50.9653059679285,17.944459722118,39.4683380126953,0,0,0,801,160.877807617187,1,4,1,1.97769165039062,56.2072334289551,,,,,,,,,,,,,,,,
,3702828935.242,161.242294311523,4999.91772460937,2.39120903599651E-6,1.37524303295888E-7,1,20.0100484152476,40.0298881530762,1.9968198418297,17.1300005167723,2.53317312153714E-5,1.07774126409401E-5,0.25,5.54741978250633E-7,2.39961889564472E-6,5.60240619406724E-7,161.252899169922,161.252899169922,4999.91064453125,4999.9248046875,51.2537268915247,17.9466721780265,39.4912185668945,0,0,0,801,160.875427246094,1,4,1,2.00149536132813,56.2072334289551,,,,,,,,,,,,,,,,
,3702829242.095,166.366470336914,4999.84130859375,,,2,,,,17.1500000312924,,,,,,,166.366470336914,166.366470336914,4999.84130859375,4999.84130859375,,,39.5941772460937,,,,801,166.406600952148,0,0,0,0.04608154296875,53.2746849060059,,,,,,,,,,,,,,,,
,3702829315.5215,166.250762939453,4999.83422851562,1.8505402596025E-6,1.48518802191242E-7,1,20.0100484152476,40.0298881530762,1.9966716313185,17.1399991959333,1.95988705469025E-5,8.34973268432792E-6,0.25,4.30382315035429E-7,1.85686368717645E-6,4.3448511461741E-7,166.27018737793,166.27018737793,4999.81787109375,4999.8505859375,51.2294964074285,17.9377355224607,39.5941772460937,0,0,0,801,165.946304321289,1,4,1,1.978759765625,55.7184753417969,,,,,,,,,,,,,,,,
,3702829335.487,166.214889526367,4999.83422851562,1.87033682852802E-6,1.43355384377162E-7,1,20.0100484152476,40.0298881530762,1.99673526105701,17.1399991959333,1.97905112124793E-5,8.54519491076434E-6,0.25,4.44573132554003E-7,1.87671632449535E-6,4.48756703754394E-7,166.231338500977,166.231338500977,4999.81787109375,4999.8505859375,51.6085862392555,17.937255924049,39.6056175231934,0,0,0,801,165.932464599609,1,4,1,1.97616577148438,55.7184753417969,,,,,,,,,,,,,,,,
,3702829355.508,166.187309265137,4999.84350585937,1.90317641343346E-6,1.37798878837614E-7,1,20.0100484152476,40.0298881530762,1.99660436762792,17.1399991959333,2.00911263134802E-5,8.95390636810306E-6,0.25,4.75852024802441E-7,1.90963729284091E-6,4.80197532946903E-7,166.198440551758,166.198440551758,4999.83642578125,4999.8505859375,51.7625670575439,17.9339161549354,39.6056175231934,0,0,0,801,165.933486938477,1,4,1,1.97830200195313,56.2072334289551,,,,,,,,,,,,,,,,
,3702829735.685,171.199401855469,4999.97827148438,1.01280584641295E-6,2.17597837823437E-7,1,20.0100484152476,40.0298881530762,1.99656044050177,17.1399991959333,9.95092765629704E-6,8.9672656827355E-6,0.25,6.33944561434358E-7,1.01564601230109E-6,6.37549834740115E-7,171.219650268555,171.219650268555,4999.97607421875,4999.98046875,51.6117127533324,17.9323986555359,39.7085800170898,0,0,0,801,170.936248779297,1,4,1,1.97784423828125,56.2072334289551,,,,,,,,,,,,,,,,
,3702829755.72,171.163398742676,4999.97607421875,1.13834064100727E-6,1.5760257602663E-7,1,20.0100484152476,40.0298881530762,1.99656320302699,17.1399991959333,1.19796756817646E-5,5.55893908084798E-6,0.25,3.03161839762481E-7,1.14206441985551E-6,3.05734513417382E-7,171.179153442383,171.179153442383,4999.97607421875,4999.97607421875,51.3334530004862,17.9428959758618,39.6971397399902,0,0,0,801,170.924102783203,1,4,1,1.97860717773438,56.2072334289551,,,,,,,,,,,,,,,,
,3702829775.6795,171.136260986328,4999.97827148438,1.19518081269613E-6,1.68498274301712E-7,1,20.0100484152476,40.0298881530762,1.99638629104428,17.1399991959333,1.22886585665775E-5,7.4735003788461E-6,0.25,4.66617202631965E-7,1.19889881955852E-6,4.69855375211274E-7,171.147644042969,171.147644042969,4999.97607421875,4999.98046875,51.6859674626593,17.9366106419004,39.7085800170898,0,0,0,801,170.927856445313,1,4,1,1.97769165039062,56.2072334289551,,,,,,,,,,,,,,,,
,3702829862.171,174.608474731445,4999.98046875,,,2,,,,17.1200002685189,,,,,,,174.608474731445,174.608474731445,4999.98046875,4999.98046875,,,39.7886581420898,,,,801,185.842361450195,0,0,0,0.042877197265625,53.2746849060059,,,,,,,,,,,,,,,,
,3702830155.9285,176.111877441406,4999.98291015625,8.34517017840417E-7,1.91827679583453E-7,1,20.0100484152476,40.0298881530762,1.99666838314586,17.1099994331598,8.09243012903062E-6,7.99382969522488E-6,0.25,5.7723628774334E-7,8.36715732991166E-7,5.80297122272928E-7,176.13249206543,176.13249206543,4999.97607421875,4999.98974609375,51.1427356417939,17.9405684630595,39.8229789733887,0,0,0,801,175.875686645508,1,4,1,1.97845458984375,56.2072334289551,,,,,,,,,,,,,,,,
,3702830175.9045,176.076904296875,4999.97827148438,7.49038292418726E-7,2.48328642038181E-7,1,20.0100484152476,40.0298881530762,1.99669613733093,17.1099994331598,6.9020535405766E-6,9.23052444976147E-6,0.25,7.04275049580109E-7,7.50779834006378E-7,7.07674428774151E-7,176.091262817383,176.091262817383,4999.97607421875,4999.98046875,51.1919782385054,17.9409182577948,39.8229789733887,0,0,0,801,175.867721557617,1,4,1,1.978759765625,56.2072334289551,,,,,,,,,,,,,,,,
,3702830195.87,176.054443359375,4999.97827148438,7.88560350133253E-7,1.91848569023134E-7,1,20.0100484152476,40.0298881530762,1.99662542686975,17.1099994331598,7.64989636389512E-6,7.53491578786687E-6,0.25,5.43767293724056E-7,7.90640884777358E-7,5.46654875457228E-7,176.062545776367,176.062545776367,4999.97607421875,4999.98046875,51.495250103967,17.9399374065426,39.8344192504883,0,0,0,801,175.870895385742,1,4,1,1.9793701171875,56.2072334289551,,,,,,,,,,,,,,,,
,3702830482.507,181.138534545898,4999.99462890625,,,2,,,,17.1400004208088,,,,,,,181.138534545898,181.138534545898,4999.99462890625,4999.99462890625,,,39.9145011901855,,,,801,181.580795288086,0,0,0,0.04302978515625,53.2746849060059,,,,,,,,,,,,,,,,
,3702830576.093,181.101013183594,4999.9873046875,1.43713026561805E-7,1.03144953123992E-7,1,20.0100484152476,40.0298881530762,2.00900468460909,17.1300005167723,4.02076686749646E-7,7.06816610714408E-6,0.25,6.11265607092955E-7,1.43462826648592E-7,6.13501744676534E-7,181.122909545898,181.122909545898,4999.98486328125,4999.98974609375,51.5616885281016,17.943290339463,39.9373817443848,0,0,0,801,180.831832885742,1,4,1,1.99813842773438,56.2072334289551,,,,,,,,,,,,,,,,
,3702830596.1105,181.063278198242,4999.99194335937,3.23188195687251E-7,1.3641559953763E-6,1,20.0100484152476,40.0298881530762,2.00897547076712,17.1399991959333,2.50969048578456E-6,6.76609936707594E-6,0.25,5.52505800534144E-7,3.23614599767001E-7,5.54760115463274E-7,181.079116821289,181.079116821289,4999.98486328125,4999.9990234375,51.3592467416208,17.9431563205858,39.9259414672852,0,0,0,801,180.823028564453,1,4,1,1.995849609375,55.7184753417969,,,,,,,,,,,,,,,,
,3702830616.1415,181.037551879883,4999.99438476562,1.48963399036488E-7,2.93510039201158E-7,1,20.0100484152476,40.0298881530762,2.00890312071807,17.1300005167723,8.76848272116294E-7,4.70988746553615E-6,0.25,3.97981509311071E-7,1.48987494645839E-7,3.99504754456922E-7,181.047439575195,181.047439575195,4999.98974609375,4999.9990234375,51.0684809324669,17.9353476959612,39.9145011901855,0,0,0,801,180.823028564453,1,4,1,1.99539184570313,55.7184753417969,,,,,,,,,,,,,,,,
,3702830996.289,186.027847290039,4999.99926757812,1.23403872156734E-7,5.25272022812428E-7,1,20.0100484152476,40.0298881530762,2.00883598842019,17.1300005167723,1.04430124762235E-6,2.09333399601988E-6,0.25,1.66859328495384E-7,1.23611297437212E-7,1.67545189023556E-7,186.048156738281,186.048156738281,4999.99462890625,5000.00390625,51.434283079467,17.943209804249,40.0289001464844,0,0,0,801,185.778579711914,1,4,1,1.99554443359375,56.2072334289551,,,,,,,,,,,,,,,,
,3702831016.35,185.992721557617,4999.99682617188,9.32517204855801E-9,7.60730539590327E-9,1,20.0100484152476,40.0298881530762,2.00887822317796,17.1300005167723,-5.69875050923875E-7,3.8481143917864E-6,0.25,3.44972141889388E-7,8.95471252978065E-9,3.46104924297663E-7,186.007537841797,186.007537841797,4999.99462890625,4999.9990234375,51.2873369178516,17.9436077576676,40.0289001464844,0,0,0,801,185.770248413086,1,4,1,2.00302124023438,56.2072334289551,,,,,,,,,,,,,,,,
,3702831036.4015,185.968681335449,4999.9990234375,9.80585606866619E-8,6.01987071311166E-7,1,20.0100484152476,40.0298881530762,2.0088707908388,17.1300005167723,8.05997261538813E-7,1.7989789621778E-6,0.25,1.44798750550329E-7,9.8209280285824E-8,1.45383709448341E-7,185.977905273438,185.977905273438,4999.9990234375,4999.9990234375,51.4092709668516,17.9467713820694,40.040340423584,0,0,0,801,185.771484375,1,4,1,1.99630737304687,56.2072334289551,,,,,,,,,,,,,,,,
,3702831102.795,187.11882019043,5000.00390625,,,2,,,,17.1400004208088,,,,,,,187.11882019043,187.11882019043,5000.00390625,5000.00390625,,,40.0746612548828,,,,801,195.37548828125,0,0,0,0.0457763671875,53.2746849060059,,,,,,,,,,,,,,,,
,3702831416.566,190.974113464355,4999.88305664063,-5.96361550359008E-7,8.99832773783176E-8,1,20.0100484152476,40.0298881530762,1.98279603834405,17.1300005167723,-7.54788368286048E-6,4.5933093181634E-6,0.25,5.23785220013974E-7,-5.98812913480641E-7,5.2475199783091E-7,190.994827270508,190.994827270508,4999.87841796875,4999.8876953125,51.6335983518709,17.9347929932239,40.1204223632812,0,0,0,801,190.734176635742,1,4,1,1.98623657226562,56.2072334289551,,,,,,,,,,,,,,,,
,3702831436.556,190.940155029297,4999.87841796875,-5.31815557614855E-7,9.31267808723277E-8,1,20.0100484152476,40.0298881530762,1.98269819644719,17.1300005167723,-6.52409401562549E-6,2.9209727655887E-6,0.25,3.59918735199142E-7,-5.33881813168223E-7,3.60446211602289E-7,190.953399658203,190.953399658203,4999.87841796875,4999.87841796875,51.5835741266401,17.936651361585,40.1204223632812,0,0,0,801,190.725082397461,1,4,1,1.9866943359375,56.2072334289551,,,,,,,,,,,,,,,,
,3702831456.5435,190.918258666992,4999.88061523438,-5.21987634548375E-7,9.33664967268417E-8,1,20.0100484152476,40.0298881530762,1.98248416271247,17.1300005167723,-6.34843708415267E-6,2.55701679522134E-6,0.25,3.25017348497617E-7,-5.2398432609713E-7,3.25446889974039E-7,190.926910400391,190.926910400391,4999.87841796875,4999.8828125,51.1427356417939,17.9325319781364,40.1318626403809,0,0,0,801,190.7275390625,1,4,1,1.98287963867187,56.2072334289551,,,,,,,,,,,,,,,,
,3702831582.92,198.645721435547,5000.06396484375,,,2,,,,17.1400004208088,,,,,,,198.645721435547,198.645721435547,5000.06396484375,5000.06396484375,,,40.2348213195801,,,,801,203.427185058594,0,0,0,0.039520263671875,53.2746849060059,,,,,,,,,,,,,,,,
,3702831836.8015,195.93367767334,5000.08056640625,-9.77527422662507E-7,1.32138443140221E-7,1,20.0100484152476,40.0298881530762,2.00874598885931,17.1399991959333,-1.09783368808343E-5,-1.17239005143565E-6,0.25,6.61680520163135E-8,-9.80526411521016E-7,6.53037298804403E-8,195.953857421875,195.953857421875,5000.07373046875,5000.08740234375,51.3311081149285,17.946584059642,40.2119445800781,0,0,0,801,195.697830200195,1,4,1,2.0068359375,56.6959953308105,,,,,,,,,,,,,,,,
,3702831856.9315,195.898223876953,5000.0712890625,-7.94872826919426E-7,1.1791094064153E-7,1,20.0100484152476,40.0298881530762,2.00872035393422,17.1300005167723,-9.0295677495062E-6,-3.69118184315413E-7,0.25,1.06441585763984E-7,-7.97369425146279E-7,1.05896282384367E-7,195.913497924805,195.913497924805,5000.06884765625,5000.07373046875,51.32954485789,17.9478466791454,40.2233848571777,0,0,0,801,195.686157226562,1,4,1,2.01416015625,56.2072334289551,,,,,,,,,,,,,,,,
,3702831876.9575,195.873893737793,5000.06884765625,-1.00367224596286E-6,1.31621571785248E-7,1,20.0100484152476,40.0298881530762,2.00885466220131,17.1300005167723,-1.09811671404338E-5,-2.86178614741874E-6,0.25,-8.14387991578138E-8,-1.0065906425152E-6,-8.27740760830134E-8,195.882949829102,195.882949829102,5000.06884765625,5000.06884765625,51.485088933217,17.9514414706979,40.2233848571777,0,0,0,801,195.687088012695,1,4,1,2.0135498046875,56.2072334289551,,,,,,,,,,,,,,,,
,3702832203.221,200.986434936523,5000.07373046875,,,2,,,,17.1299998790026,,,,,,,200.986434936523,200.986434936523,5000.07373046875,5000.07373046875,,,40.3149032592773,,,,801,200.934112548828,0,0,0,0.046539306640625,53.2746849060059,,,,,,,,,,,,,,,,
,3702832259.467,200.876014709473,5000.06420898438,-1.50175786223282E-6,1.24774689228693E-7,1,20.0100484152476,40.0298881530762,1.98257477381554,17.119999974966,-1.68237390399242E-5,-8.17193936869706E-7,0.25,1.89321579607878E-7,-1.50625631967254E-6,1.88281712550561E-7,200.889953613281,200.889953613281,5000.0546875,5000.07373046875,51.3709711694093,17.939783101955,40.3149032592773,0,0,0,801,200.670806884766,1,4,1,1.98623657226562,55.7184753417969,,,,,,,,,,,,,,,,
,3702832277.031,200.847518920898,5000.0712890625,-1.20491438869975E-6,1.22857280795017E-7,1,20.0100484152476,40.0298881530762,1.98242271312411,17.119999974966,-1.34387525826715E-5,-9.8890678293653E-7,0.25,1.21487638160437E-7,-1.20849257447889E-6,1.20566123548518E-7,200.862075805664,200.862075805664,5000.06884765625,5000.07373046875,51.2873369178516,17.9365886523361,40.326343536377,0,0,0,801,200.662002563477,1,4,1,1.98623657226562,55.7184753417969,,,,,,,,,,,,,,,,
,3702832296.999,200.824203491211,5000.0712890625,-1.41657867284792E-6,1.29200776341885E-7,1,20.0100484152476,40.0298881530762,1.98263126695669,17.119999974966,-1.57698554570262E-5,-1.34052991953696E-6,0.25,1.26608150566319E-7,-1.42076924707351E-6,1.2547817043179E-7,200.832962036133,200.832962036133,5000.06884765625,5000.07373046875,51.1435172703131,17.9420518263826,40.3149032592773,0,0,0,801,200.658462524414,1,4,1,1.98455810546875,55.7184753417969,,,,,,,,,,,,,,,,
,3702832697.281,205.793762207031,4999.91772460937,-1.78535960504489E-6,1.22561243078876E-7,1,20.0100484152476,40.0298881530762,1.9826127872705,17.119999974966,-1.98747077409636E-5,-1.67589057540471E-6,0.25,1.60732382537178E-7,-1.79039718408764E-6,1.59346429914258E-7,205.80744934082,205.80744934082,4999.91552734375,4999.919921875,51.3756609405247,17.9386688187502,40.4178657531738,0,0,0,801,205.644012451172,1,4,1,1.98699951171875,56.2072334289551,,,,,,,,,,,,,,,,
,3702832717.224,205.772422790527,4999.92236328125,-1.70348750949975E-6,1.19118081366864E-7,1,20.0100484152476,40.0298881530762,1.98266092130905,17.119999974966,-1.90100836400122E-5,-1.33536067607155E-6,0.25,1.77425716203206E-7,-1.70831968619574E-6,1.76168884180869E-7,205.780075073242,205.780075073242,4999.919921875,4999.9248046875,51.6109311248132,17.9386928512507,40.4178657531738,0,0,0,801,205.648239135742,1,4,1,1.98211669921875,56.2072334289551,,,,,,,,,,,,,,,,
,3702832737.1915,205.760597229004,4999.91772460937,-1.67921286480861E-6,1.26178978711678E-7,1,20.0100484152476,40.0298881530762,1.98257843291829,17.119999974966,-1.87373099953345E-5,-1.3227980091588E-6,0.25,1.7430275553648E-7,-1.68397612924176E-6,1.73062143539795E-7,205.764770507813,205.764770507813,4999.91064453125,4999.9248046875,51.5280785017747,17.9449072854704,40.4064254760742,0,0,0,801,205.657836914062,1,4,1,1.98455810546875,56.2072334289551,,,,,,,,,,,,,,,,
,3702832823.545,208.994430541992,4999.91064453125,,,2,,,,17.1299998790026,,,,,,,208.994430541992,208.994430541992,4999.91064453125,4999.91064453125,,,40.4521865844727,,,,801,219.819458007813,0,0,0,0.0372314453125,53.2746849060059,,,,,,,,,,,,,,,,
,3702833137.5055,210.755355834961,4999.9365234375,-2.08744833516596E-6,1.40771256016285E-7,1,20.0100484152476,40.0298881530762,2.0087670824012,17.119999974966,-2.30781321720563E-5,-4.53000546879568E-6,0.25,-4.16404906748245E-8,-2.0928206541625E-6,-4.38199847106676E-8,210.769927978516,210.769927978516,4999.9296875,4999.943359375,51.6531390648516,17.9525456626391,40.4865036010742,0,0,0,801,210.648254394531,1,4,1,2.00042724609375,55.7184753417969,,,,,,,,,,,,,,,,
,3702833157.4225,210.732444763184,4999.92724609375,-2.17304633997106E-6,1.22091652107371E-7,1,20.0100484152476,40.0298881530762,2.00877305508372,17.119999974966,-2.43599069855601E-5,-2.80663706965911E-6,0.25,1.28731122552179E-7,-2.17881111366958E-6,1.26908323146369E-7,210.740783691406,210.740783691406,4999.9248046875,4999.9296875,51.2459106063323,17.950324514971,40.4979438781738,0,0,0,801,210.660400390625,1,4,1,1.99661254882813,56.6959953308105,,,,,,,,,,,,,,,,
,3702833177.4085,210.720886230469,4999.9248046875,-2.22372322745704E-6,1.28857817200864E-7,1,20.0100484152476,40.0298881530762,2.00878376280517,17.119999974966,-2.4568429514003E-5,-4.91988153021207E-6,0.25,-5.284014195571E-8,-2.22943995805476E-6,-5.51844102945857E-8,210.724105834961,210.724105834961,4999.9248046875,4999.9248046875,51.4045811957362,17.9560104034339,40.4979438781738,0,0,0,801,210.671157836914,1,4,1,2.01431274414062,56.6959953308105,,,,,,,,,,,,,,,,
,3702833443.929,215.46467590332,5000.05029296875,,,2,,,,17.1400004208088,,,,,,,215.46467590332,215.46467590332,5000.05029296875,5000.05029296875,,,40.5665855407715,,,,801,216.954116821289,0,0,0,0.04180908203125,53.7634429931641,,,,,,,,,,,,,,,,
,3702833577.631,215.702247619629,4999.97802734375,-2.54553043766534E-6,1.28453235849711E-7,1,20.0100484152476,40.0298881530762,2.00862845586907,17.1399991959333,-2.80483417215801E-5,-6.02692912897425E-6,0.25,-9.62808539548914E-8,-2.5516891707848E-6,-9.89724756956324E-8,215.717575073242,215.717575073242,4999.97119140625,4999.98486328125,51.5218254736208,17.9511085032545,40.5780258178711,0,0,0,801,215.633453369141,1,4,1,1.9970703125,56.2072334289551,,,,,,,,,,,,,,,,
,3702833597.597,215.678588867187,4999.98486328125,-2.50890046737083E-6,1.29834669731238E-7,1,20.0100484152476,40.0298881530762,2.00863294900819,17.1300005167723,-2.75872332676407E-5,-6.26802890249625E-6,0.25,-1.24447810179004E-7,-2.51494371728018E-6,-1.27173684914463E-7,215.686920166016,215.686920166016,4999.98486328125,4999.98486328125,51.3803507116401,17.9510848526649,40.5894660949707,0,0,0,801,215.655151367187,1,4,1,1.98104858398438,56.2072334289551,,,,,,,,,,,,,,,,
,3702833617.624,215.668563842773,4999.98266601562,-2.59931391728944E-6,1.43203107364948E-7,1,20.0100484152476,40.0298881530762,2.00864522043262,17.1300005167723,-2.86574346250668E-5,-6.06198333488005E-6,0.25,-8.99900001981074E-8,-2.6056132371466E-6,-9.2718610132099E-8,215.670257568359,215.670257568359,4999.98046875,4999.98486328125,51.3045327452747,17.9513378248819,40.5894660949707,0,0,0,801,215.665023803711,1,4,1,2.00592041015625,56.2072334289551,,,,,,,,,,,,,,,,
,3702833997.893,220.574066162109,4999.98486328125,-2.7887099758653E-6,1.36951936748576E-7,1,20.0100484152476,40.0298881530762,2.0087080403926,17.1300005167723,-3.08556009917597E-5,-5.85738684394544E-6,0.25,-3.84116032675447E-8,-2.7951407097562E-6,-4.11180965464883E-8,220.576171875,220.576171875,4999.98486328125,4999.98486328125,51.4061444527747,17.944334434768,40.669548034668,0,0,0,801,220.650238037109,1,4,1,2.01431274414062,57.1847534179687,,,,,,,,,,,,,,,,
,3702834017.95,220.574119567871,4999.9873046875,-2.8379800270546E-6,1.47018294286604E-7,1,20.0100484152476,40.0298881530762,2.00876693940059,17.1300005167723,-3.13707365848661E-5,-6.13692093946978E-6,0.25,-5.4947452119571E-8,-2.84450948964796E-6,-5.77385335396232E-8,220.571960449219,220.571960449219,4999.98486328125,4999.98974609375,51.4592951920824,17.9546950978564,40.6581077575684,0,0,0,801,220.652862548828,1,4,1,2.00042724609375,56.6959953308105,,,,,,,,,,,,,,,,
,3702834037.917,220.579696655273,4999.9873046875,-2.79953984437585E-6,1.46015691990413E-7,1,20.0100484152476,40.0298881530762,2.0087713575998,17.1300005167723,-3.09775741221898E-5,-5.87333141377378E-6,0.25,-3.79317966533877E-8,-2.80599569765234E-6,-4.06472543372408E-8,220.576278686523,220.576278686523,4999.98486328125,4999.98974609375,51.6242188096401,17.9544773367525,40.6809883117676,0,0,0,801,220.652755737305,1,4,1,2.00042724609375,56.6959953308105,,,,,,,,,,,,,,,,
,3702834064.471,220.587326049805,4999.98486328125,,,2,,,,17.1500000312924,,,,,,,220.587326049805,220.587326049805,4999.98486328125,4999.98486328125,,,40.6809883117676,,,,801,220.648651123047,0,0,0,0.04669189453125,53.2746849060059,,,,,,,,,,,,,,,,
,3702834458.145,225.460220336914,4999.98046875,-3.13608155077782E-6,1.30453532053525E-7,1,20.0100484152476,40.0298881530762,1.98258057452232,17.1399991959333,-3.38565279004352E-5,-8.83403763184526E-6,0.25,-2.55944891303238E-7,-3.14268457257896E-6,-2.59369090094352E-7,225.457214355469,225.457214355469,4999.97607421875,4999.98486328125,51.4803991621016,17.9394843998186,40.7610664367676,0,0,0,801,225.573455810547,1,4,1,1.98501586914062,56.2072334289551,,,,,,,,,,,,,,,,
,3702834478.1345,225.467796325684,4999.9736328125,-3.27996803034257E-6,1.42251082623611E-7,1,20.0100484152476,40.0298881530762,1.98261798336199,17.1399991959333,-3.52243240083758E-5,-1.03000519292842E-5,0.25,-3.64514605877681E-7,-3.28678481474964E-6,-3.68306800446167E-7,225.463226318359,225.463226318359,4999.97119140625,4999.97607421875,51.4460075072554,17.9379358255738,40.7610664367676,0,0,0,801,225.578506469727,1,4,1,1.98654174804687,56.2072334289551,,,,,,,,,,,,,,,,
,3702834498.1845,225.476829528809,4999.9736328125,-3.32341506358902E-6,1.31130722198181E-7,1,20.0100484152476,40.0298881530762,1.98265426248927,17.1399991959333,-3.63266369711053E-5,-6.81931026157513E-6,0.25,-3.90853822790573E-8,-3.33062311500104E-6,-4.22077313053537E-8,225.472366333008,225.472366333008,4999.97119140625,4999.97607421875,51.6195290385247,17.9425608628386,40.7610664367676,0,0,0,801,225.583572387695,1,4,1,1.9842529296875,56.2072334289551,,,,,,,,,,,,,,,,
,3702834624.605,233.065200805664,4999.97607421875,,,2,,,,17.1299998790026,,,,,,,233.065200805664,233.065200805664,4999.97607421875,4999.97607421875,,,40.8297080993652,,,,801,238.25032043457,0,0,0,0.0372314453125,53.2746849060059,,,,,,,,,,,,,,,,
,3702834818.287,230.366500854492,4999.9873046875,-3.67406572525907E-6,1.42697995668158E-7,1,20.0100484152476,40.0298881530762,1.99624147494552,17.119999974966,-4.0178214422412E-5,-8.93758497167371E-6,0.25,-1.65832851803476E-7,-3.68141087571665E-6,-1.69442705983869E-7,230.357269287109,230.357269287109,4999.98486328125,4999.98974609375,51.4960317324862,17.9459545313526,40.8411483764648,0,0,0,801,230.528686523438,1,4,1,1.98211669921875,56.2072334289551,,,,,,,,,,,,,,,,
,3702834838.2915,230.378913879395,4999.99682617188,-3.64040992338212E-6,1.37972901948484E-7,1,20.0100484152476,40.0298881530762,1.99648783254859,17.119999974966,-3.98084978300188E-5,-8.8927580231057E-6,0.25,-1.67580382062874E-7,-3.64768358873968E-6,-1.71163559855237E-7,230.375732421875,230.375732421875,4999.98974609375,5000.00390625,51.3873853683131,17.9516390594098,40.8411483764648,0,0,0,801,230.523300170898,1,4,1,1.98043823242187,56.2072334289551,,,,,,,,,,,,,,,,
,3702834858.2675,230.38516998291,4999.97119140625,-3.79291918462019E-6,1.64805185025053E-7,1,20.0100484152476,40.0298881530762,1.99645132157275,17.119999974966,-4.13367447108963E-5,-1.00554598405643E-5,0.25,-2.46291108112127E-7,-3.80043305835586E-6,-2.50170420507984E-7,230.382095336914,230.382095336914,4999.9384765625,5000.00390625,51.4608584491208,17.9532444237591,40.8411483764648,0,0,0,801,230.529571533203,1,4,1,1.98013305664062,56.2072334289551,,,,,,,,,,,,,,,,
,3702835198.468,235.30687713623,5000.06420898438,-4.01598836276145E-6,1.45928500677002E-7,1,20.0100484152476,40.0298881530762,1.9962854121431,17.119999974966,-4.41059235975419E-5,-8.66365813408612E-6,0.25,-8.11427754154736E-8,-4.02353421642601E-6,-8.47825232924187E-8,235.298965454102,235.298965454102,5000.0546875,5000.07373046875,51.17712729664,17.9441848684025,40.9441108703613,0,0,0,801,235.487991333008,1,4,1,1.97921752929687,56.6959953308105,,,,,,,,,,,,,,,,
,3702835218.5485,235.31950378418,5000.06201171875,-4.00259656441035E-6,1.40793615054484E-7,1,20.0100484152476,40.0298881530762,1.99629039863361,17.119999974966,-4.38873232443111E-5,-9.0427691156823E-6,0.25,-1.17888841043637E-7,-4.0100836643086E-6,-1.21586385930838E-7,235.314788818359,235.314788818359,5000.05029296875,5000.07373046875,51.3537753419862,17.9437716904973,40.9326705932617,0,0,0,801,235.49494934082,1,4,1,1.97830200195313,56.6959953308105,,,,,,,,,,,,,,,,
,3702835244.963,235.331619262695,5000.0361328125,,,2,,,,17.1299998790026,,,,,,,235.331619262695,235.331619262695,5000.0361328125,5000.0361328125,,,40.9441108703613,,,,801,235.499786376953,0,0,0,0.040435791015625,53.7634429931641,,,,,,,,,,,,,,,,
touchdown = 9.82999987900257 mm,3702835261.0725,235.340934753418,5000.0224609375,-4.16267455091734E-6,1.35248147323194E-7,1,20.0100484152476,40.0298881530762,2.00858621798539,17.119999974966,-4.61316409363612E-5,-8.19264287888765E-6,0.25,-8.34002077366374E-9,-4.17055767066986E-6,-1.19683844798514E-8,235.32421875,235.32421875,4999.99462890625,5000.05029296875,51.6515758078132,17.9471022540261,40.9555473327637,0,0,0,801,235.518310546875,1,4,1,2.00515747070313,55.7184753417969,,,,,,,,,,,,,,,,
,3702835618.7,240.243949890137,4999.99682617188,-4.56579458472069E-6,1.42955582922854E-7,1,20.0100484152476,40.0298881530762,1.99622453065625,17.119999974966,-5.02522751210698E-5,-9.18316185958035E-6,0.25,-3.20124196747737E-8,-4.57376955122128E-6,-3.59339169895201E-8,240.234039306641,240.234039306641,4999.97119140625,5000.0224609375,51.2693594619093,17.9450636572301,41.0356292724609,0,0,0,801,240.452713012695,1,4,1,1.99844360351562,56.6959953308105,,,,,,,,,,,,,,,,
,3702835638.703,240.260223388672,4999.9736328125,-4.62052812391737E-6,1.39044606139684E-7,1,20.0100484152476,40.0298881530762,1.99630066144429,17.119999974966,-5.03135504546569E-5,-1.23872456111696E-5,0.25,-3.13123258541907E-7,-4.6283588518709E-6,-3.1758330426128E-7,240.253860473633,240.253860473633,4999.97119140625,4999.97607421875,51.5499641003131,17.9444369337269,41.0356292724609,0,0,0,801,240.453277587891,1,4,1,1.99142456054687,56.6959953308105,,,,,,,,,,,,,,,,
,3702835658.689,240.272659301758,4999.98046875,-4.54318211857636E-6,1.34313957646394E-7,1,20.0100484152476,40.0298881530762,1.99621324473537,17.119999974966,-4.99546813664945E-5,-9.41342866547192E-6,0.25,-5.68825850549523E-8,-4.55109259162359E-6,-6.08279267407359E-8,240.266586303711,240.266586303711,4999.97607421875,4999.98486328125,51.6421962655824,17.946695302559,41.0585098266602,0,0,0,801,240.461883544922,1,4,1,1.98379516601562,56.2072334289551,,,,,,,,,,,,,,,,
,3702835785.301,247.811553955078,4999.98974609375,,,2,,,,17.1099997267127,,,,,,,247.811553955078,247.811553955078,4999.98974609375,4999.98974609375,,,41.1271514892578,,,,801,253.073013305664,0,0,0,0.039520263671875,53.7634429931641,,,,,,,,,,,,,,,,
,3702835998.8395,245.186973571777,4999.97583007812,-5.17705638689822E-6,1.45216849587253E-7,1,20.0100484152476,40.0298881530762,1.98271982625739,17.1000007539988,-5.62741068299683E-5,-1.22315656653246E-5,0.25,-2.08813300102234E-7,-5.1852064801154E-6,-2.13426027721313E-7,245.174987792969,245.174987792969,4999.97119140625,4999.98046875,51.4819624191401,17.939823685949,41.150032043457,0,0,0,801,245.417922973633,1,4,1,1.9879150390625,56.2072334289551,,,,,,,,,,,,,,,,
,3702836018.8415,245.20556640625,4999.98046875,-5.04362574025945E-6,1.37516822494971E-7,1,20.0100484152476,40.0298881530762,1.98274066159369,17.1000007539988,-5.48457823308926E-5,-1.1793707259931E-5,0.25,-1.92221845931812E-7,-5.05157229304755E-6,-1.9669718288318E-7,245.198959350586,245.198959350586,4999.97119140625,4999.98974609375,51.4233402801977,17.9450601335395,41.1729125976562,0,0,0,801,245.425186157227,1,4,1,1.983642578125,56.2072334289551,,,,,,,,,,,,,,,,
,3702836038.845,245.218307495117,4999.97827148438,-4.97738164009255E-6,1.3788974310059E-7,1,20.0100484152476,40.0298881530762,1.98265062175329,17.1000007539988,-5.37544976687077E-5,-1.37386038777311E-5,0.25,-3.81558349027799E-7,-4.98506348217077E-6,-3.86282836469451E-7,245.212173461914,245.212173461914,4999.966796875,4999.98974609375,51.3483039423516,17.9373371901073,41.1614723205566,0,0,0,801,245.433135986328,1,4,1,1.986083984375,56.2072334289551,,,,,,,,,,,,,,,,
,3702836405.32,250.15266418457,4999.98046875,,,2,,,,17.1200002685189,,,,,,,250.15266418457,250.15266418457,4999.98046875,4999.98046875,,,41.3101921081543,,,,801,250.386566162109,0,0,0,0.04669189453125,53.2746849060059,,,,,,,,,,,,,,,,
touchdown = 9.82000026851892 mm,3702836421.5165,250.15975189209,4999.98266601562,-5.63539321243931E-6,1.33097137177687E-7,1,20.0100484152476,40.0298881530762,1.99635285881929,17.1099994331598,-6.19382120102023E-5,-1.17425672461934E-5,0.25,-7.70166159871034E-8,-5.64356353077526E-6,-8.1674047811274E-8,250.135238647461,250.135238647461,4999.98046875,4999.98486328125,51.0762972176593,17.9421554618557,41.3101921081543,0,0,0,801,250.407699584961,1,4,1,1.97982788085938,55.2297172546387,,,,,,,,,,,,,,,,
,3702836461.5915,250.188140869141,4999.98046875,-5.72864516642378E-6,1.34592646086178E-7,1,20.0100484152476,40.0298881530762,1.99624901688286,17.1099994331598,-6.29280037689543E-5,-1.21184840168305E-5,0.25,-9.48305845138928E-8,-5.73693254264401E-6,-9.95885388412462E-8,250.184265136719,250.184265136719,4999.98046875,4999.98046875,51.4702379913516,17.9451237671917,41.2987518310547,0,0,0,801,250.416763305664,1,4,1,1.98028564453125,55.2297172546387,,,,,,,,,,,,,,,,
,3702836479.1805,250.198402404785,4999.98266601562,-5.84616219692429E-6,1.34684713363332E-7,1,20.0100484152476,40.0298881530762,1.99624367910113,17.1099994331598,-6.4178935884988E-5,-1.25937946166501E-5,0.25,-1.17358249189904E-7,-5.85460121201368E-6,-1.22243590657789E-7,250.192016601562,250.192016601562,4999.98046875,4999.98486328125,51.6890939767362,17.9474823413146,41.3330726623535,0,0,0,801,250.427749633789,1,4,1,1.98089599609375,55.7184753417969,,,,,,,,,,,,,,,,
,3702836839.351,255.090675354004,4999.96899414063,-6.46444478731762E-6,1.37983314466503E-7,1,20.0100484152476,40.0298881530762,1.99626368910062,17.1099994331598,-7.10125483739927E-5,-1.36062657704866E-5,0.25,-1.0106042972257E-7,-6.47286328231416E-6,-1.06286230221429E-7,255.079055786133,255.079055786133,4999.966796875,4999.97119140625,51.2255882648323,17.9424483136915,41.458911895752,0,0,0,801,255.359451293945,1,4,1,1.98165893554687,56.6959953308105,,,,,,,,,,,,,,,,
,3702836859.2945,255.110260009766,4999.96215820313,-6.40441223326359E-6,1.41766209848844E-7,1,20.0100484152476,40.0298881530762,1.99651730990246,17.1099994331598,-6.99069806396758E-5,-1.60723888821867E-5,0.25,-3.35299525128995E-7,-6.41256356268777E-6,-3.40785299024439E-7,255.102294921875,255.102294921875,4999.95751953125,4999.966796875,51.3240734582554,17.9486445461989,41.4703521728516,0,0,0,801,255.365417480469,1,4,1,1.98028564453125,56.6959953308105,,,,,,,,,,,,,,,,
,3702836879.3385,255.12442779541,4999.95263671875,-6.42759752185637E-6,1.42017746396964E-7,1,20.0100484152476,40.0298881530762,1.99643253585651,17.1099994331598,-7.03595611216088E-5,-1.49764961323271E-5,0.25,-2.31811310133083E-7,-6.43585814666355E-6,-2.37178929211356E-7,255.118225097656,255.118225097656,4999.94775390625,4999.95751953125,51.5312050158516,17.945940742463,41.4817924499512,0,0,0,801,255.376983642578,1,4,1,1.97998046875,62.0723381042481,,,,,,,,,,,,,,,,
,3702837005.657,262.543151855469,4999.97119140625,,,2,,,,17.1200002685189,,,,,,,262.543151855469,262.543151855469,4999.97119140625,4999.97119140625,,,41.573314666748,,,,801,267.995727539062,0,0,0,0.038909912109375,53.2746849060059,,,,,,,,,,,,,,,,
,3702837239.55,260.035568237305,4999.95971679687,-7.21016920825498E-6,1.4104858101994E-7,1,20.0100484152476,40.0298881530762,1.99632498014678,17.1099994331598,-7.89441396275645E-5,-1.66045422385265E-5,0.25,-2.42724049582313E-7,-7.21839878081164E-6,-2.48558544594004E-7,260.022979736328,260.022979736328,4999.95263671875,4999.966796875,51.2294964074285,17.9504668047642,41.6419563293457,0,0,0,801,260.332153320313,1,4,1,1.98394775390625,56.2072334289551,,,,,,,,,,,,,,,,
,3702837259.598,260.056533813477,4999.966796875,-7.29473484569775E-6,1.39428878762802E-7,1,20.0100484152476,40.0298881530762,1.99670383448108,17.1099994331598,-7.97600321904843E-5,-1.75112267997275E-5,0.25,-3.09924770510652E-7,-7.30300685259529E-6,-3.1590207978799E-7,260.048156738281,260.048156738281,4999.966796875,4999.966796875,51.4694563628324,17.9486726676985,41.6648368835449,0,0,0,801,260.340209960938,1,4,1,1.97952270507813,56.2072334289551,,,,,,,,,,,,,,,,
,3702837279.63,260.071594238281,4999.966796875,-7.25498058462848E-6,1.29842248807784E-7,1,20.0100484152476,40.0298881530762,1.99639333817129,17.1099994331598,-7.97293030650735E-5,-1.50436059582157E-5,0.25,-9.30985519825436E-8,-7.26336987537096E-6,-9.87918612381856E-8,260.064910888672,260.064910888672,4999.966796875,4999.966796875,51.4772726480247,17.9487073936683,41.6762771606445,0,0,0,801,260.354125976562,1,4,1,1.98150634765625,56.6959953308105,,,,,,,,,,,,,,,,
,3702837626.203,264.957733154297,4999.94775390625,,,2,,,,17.1299998790026,,,,,,,264.957733154297,264.957733154297,4999.94775390625,4999.94775390625,,,41.859317779541,,,,801,265.290832519531,0,0,0,0.04180908203125,53.7634429931641,,,,,,,,,,,,,,,,
,3702837682.2205,265.019958496094,4999.95971679687,-8.05902740762309E-6,1.40097023907326E-7,1,20.0100484152476,40.0298881530762,1.98265734244248,17.119999974966,-8.76673890668686E-5,-1.83422884582719E-5,0.25,-2.62885028860416E-7,-8.06703617863705E-6,-2.69217687193574E-7,265.013946533203,265.013946533203,4999.95751953125,4999.9619140625,51.2701410904285,17.9574007981277,41.8936386108398,0,0,0,801,265.329681396484,1,4,1,1.986083984375,55.7184753417969,,,,,,,,,,,,,,,,
,3702837699.7415,265.032730102539,4999.96215820313,-8.09435719250424E-6,1.38351703230555E-7,1,20.0100484152476,40.0298881530762,1.98242375632209,17.119999974966,-8.81667910809266E-5,-1.77081176740359E-5,0.25,-1.98906203716314E-7,-8.10244700251985E-6,-2.05199871295248E-7,265.025970458984,265.025970458984,4999.95751953125,4999.966796875,51.4350647079862,17.9412233726072,41.9050788879395,0,0,0,801,265.339294433594,1,4,1,1.98837280273438,55.7184753417969,,,,,,,,,,,,,,,,
,3702837719.8565,265.045745849609,4999.96435546875,-8.26713774334401E-6,1.34961879042024E-7,1,20.0100484152476,40.0298881530762,1.98264230159073,17.119999974966,-9.00764453889029E-5,-1.79839279837516E-5,0.25,-1.93639871332149E-7,-8.27540418225901E-6,-2.00057757493001E-7,265.039489746094,265.039489746094,4999.9619140625,4999.966796875,51.617184152967,17.950069050914,41.9165191650391,0,0,0,801,265.352081298828,1,4,1,1.98745727539062,56.2072334289551,,,,,,,,,,,,,,,,
,3702838079.9645,269.921051025391,4999.91552734375,-8.61805290583235E-6,1.40345922024384E-7,1,20.0100484152476,40.0298881530762,1.982681653366,17.119999974966,-9.38206336204082E-5,-1.91291144252836E-5,0.25,-2.37119586149863E-7,-8.62538818260673E-6,-2.43670762686441E-7,269.906066894531,269.906066894531,4999.91552734375,4999.91552734375,51.4428809931785,17.9567638967161,42.1796379089355,0,0,0,801,270.292053222656,1,4,1,1.98745727539062,57.1847534179687,,,,,,,,,,,,,,,,
,3702838099.981,269.946914672852,4999.92260742188,-8.79513887686247E-6,1.44246464055895E-7,1,20.0100484152476,40.0298881530762,1.98272334376281,17.119999974966,-9.5818685584205E-5,-1.91328022744035E-5,0.25,-2.06364343796518E-7,-8.80264430108845E-6,-2.13018184267865E-7,269.93603515625,269.93603515625,4999.91552734375,4999.9296875,51.4686747343131,17.95703976426,42.2025184631348,0,0,0,801,270.302490234375,1,4,1,1.986083984375,56.2072334289551,,,,,,,,,,,,,,,,
,3702838119.938,269.966415405273,4999.92260742188,-8.72408606195743E-6,1.42900683817996E-7,1,20.0100484152476,40.0298881530762,1.98258089352384,17.119999974966,-9.49093077280068E-5,-1.97109500270575E-5,0.25,-2.71800627382023E-7,-8.73147636934551E-6,-2.78458420143844E-7,269.957794189453,269.957794189453,4999.91552734375,4999.9296875,51.2803022611785,17.9514768865121,42.225399017334,0,0,0,801,270.312042236328,1,4,1,1.98593139648438,56.6959953308105,,,,,,,,,,,,,,,,
,3702838246.474,277.263946533203,4999.9248046875,,,2,,,,17.1099997267127,,,,,,,277.263946533203,277.263946533203,4999.9248046875,4999.9248046875,,,42.3512420654297,,,,801,282.92724609375,0,0,0,0.043792724609375,53.7634429931641,,,,,,,,,,,,,,,,
,3702838480.236,274.864151000977,4999.91064453125,-9.09574457141907E-6,1.44586030842722E-7,1,20.0100484152476,40.0298881530762,1.98289695140096,17.1000007539988,-9.91312696812366E-5,-1.95347592323624E-5,0.25,-1.90640884827068E-7,-9.10218296693563E-6,-1.97330548165993E-7,274.847564697266,274.847564697266,4999.91064453125,4999.91064453125,51.28890017489,17.9483497691983,42.5342826843262,0,0,0,801,275.279479980469,1,4,1,1.98501586914062,56.2072334289551,,,,,,,,,,,,,,,,
,3702838500.223,274.891937255859,4999.9130859375,-9.12235547986525E-6,1.40128264724013E-7,1,20.0100484152476,40.0298881530762,1.98296912793681,17.1000007539988,-9.91000373152698E-5,-2.1443539578948E-5,0.25,-3.60404030390328E-7,-9.12868324243325E-6,-3.67234492437403E-7,274.880737304687,274.880737304687,4999.91064453125,4999.91552734375,51.2490371204093,17.9504621318835,42.5571632385254,0,0,0,801,275.290893554687,1,4,1,1.98532104492187,57.673511505127,,,,,,,,,,,,,,,,
,3702838520.149,274.913040161133,4999.9130859375,-9.13971979624502E-6,1.44843744115373E-7,1,20.0100484152476,40.0298881530762,1.98284905343237,17.1000007539988,-9.90864488761017E-5,-2.260323264662E-5,0.25,-4.63492075667412E-7,-9.14598008375584E-6,-4.70408583817217E-7,274.903137207031,274.903137207031,4999.91064453125,4999.91552734375,51.6859674626593,17.9511860625053,42.5571632385254,0,0,0,801,275.300872802734,1,4,1,1.98394775390625,56.2072334289551,,,,,,,,,,,,,,,,
,3702838866.667,279.782409667969,4999.9248046875,,,2,,,,17.1200002685189,,,,,,,279.782409667969,279.782409667969,4999.9248046875,4999.9248046875,,,42.9461250305176,,,,801,280.224761962891,0,0,0,0.042266845703125,53.2746849060059,,,,,,,,,,,,,,,,
,3702838922.7745,279.860534667969,4999.9248046875,-9.25272909984735E-6,1.41186511900958E-7,1,20.0100484152476,40.0298881530762,1.99656327871656,17.1099994331598,-0.000101093699907298,-2.22445743840275E-5,0.25,-3.98044963988313E-7,-9.25774737989738E-6,-4.04795128019616E-7,279.854858398438,279.854858398438,4999.919921875,4999.9296875,51.3076592593516,17.9556574444342,43.0147666931152,0,0,0,801,280.285705566406,1,4,1,1.978759765625,55.2297172546387,,,,,,,,,,,,,,,,
,3702838940.387,279.874816894531,4999.92016601562,-9.24673164225184E-6,1.48379172565777E-7,1,20.0100484152476,40.0298881530762,1.99668007578214,17.1099994331598,-0.000100770637501533,-2.37317533130317E-5,0.25,-5.34067331830153E-7,-9.25164665567765E-6,-5.40890536529007E-7,279.8662109375,279.8662109375,4999.91064453125,4999.9296875,52.0283207540824,17.9563459089496,43.0376472473145,0,0,0,801,280.297058105469,1,4,1,1.9781494140625,56.2072334289551,,,,,,,,,,,,,,,,
,3702838960.413,279.890762329102,4999.91064453125,-9.16984175690487E-6,1.43473322486918E-7,1,20.0100484152476,40.0298881530762,1.9965027155677,17.1099994331598,-0.000100140228054092,-2.23005918316323E-5,0.25,-4.17729511388673E-7,-9.17479039189294E-6,-4.24431302761984E-7,279.883422851562,279.883422851562,4999.91064453125,4999.91064453125,51.3592467416208,17.9518584970014,43.0605278015137,0,0,0,801,280.313354492187,1,4,1,1.97799682617187,56.2072334289551,,,,,,,,,,,,,,,,
,3702839340.5575,284.779998779297,4999.92236328125,-9.45834605725117E-6,1.42621992383294E-7,1,20.0100484152476,40.0298881530762,1.99668343107779,17.1099994331598,-0.000103227916124078,-2.33242499662974E-5,0.25,-4.6038951409562E-7,-9.46204463508218E-6,-4.67114039078223E-7,284.765411376953,284.765411376953,4999.919921875,4999.9248046875,51.4499156498516,17.9549230915129,43.5753326416016,0,0,0,801,285.267181396484,1,4,1,1.97830200195313,56.6959953308105,,,,,,,,,,,,,,,,
,3702839360.591,284.804443359375,4999.92944335937,-9.54601692720069E-6,1.46550879519934E-7,1,20.0100484152476,40.0298881530762,1.99663150782136,17.1099994331598,-0.000103905475471852,-2.51174609420379E-5,0.25,-6.07977707489757E-7,-9.5496438750205E-6,-6.14824296125355E-7,284.794586181641,284.794586181641,4999.9248046875,4999.93408203125,51.5827924981208,17.9561287232701,43.6096534729004,0,0,0,801,285.279815673828,1,4,1,1.98013305664062,56.6959953308105,,,,,,,,,,,,,,,,
,3702839380.5965,284.823455810547,4999.92944335937,-9.49196319949266E-6,1.44450291806869E-7,1,20.0100484152476,40.0298881530762,1.99668788872416,17.1099994331598,-0.000103255741628111,-2.53413855464665E-5,0.25,-6.37738535825729E-7,-9.49554129632242E-6,-6.44559540962735E-7,284.814300537109,284.814300537109,4999.9248046875,4999.93408203125,51.5929536688708,17.9570265967092,43.62109375,0,0,0,801,285.288940429687,1,4,1,1.97830200195313,56.6959953308105,,,,,,,,,,,,,,,,
,3702839487.169,290.017272949219,4999.90625,,,2,,,,17.1000001162291,,,,,,,290.017272949219,290.017272949219,4999.90625,4999.90625,,,43.8155746459961,,,,801,301.643005371094,0,0,0,0.04486083984375,53.7634429931641,,,,,,,,,,,,,,,,
,3702839760.7785,289.72492980957,4999.90844726562,-9.62926829913294E-6,1.50236926170916E-7,1,20.0100484152476,40.0298881530762,2.00907749753317,17.0900002121925,-0.00010538166607686,-2.56791463386951E-5,0.25,-6.31164631290145E-7,-9.63149768204258E-6,-6.37849781723069E-7,289.709594726562,289.709594726562,4999.90625,4999.91064453125,51.4420993646593,17.9612920011429,44.2617378234863,0,0,0,801,290.259521484375,1,4,1,1.99722290039062,56.6959953308105,,,,,,,,,,,,,,,,
,3702839780.802,289.751525878906,4999.91528320313,-9.56951828400541E-6,1.48002804466473E-7,1,20.0100484152476,40.0298881530762,2.0092034604133,17.0900002121925,-0.000104260914311765,-2.82190542974203E-5,0.25,-8.70909170374271E-7,-9.57156148510883E-6,-8.77618641776689E-7,289.740264892578,289.740264892578,4999.91064453125,4999.919921875,51.5538722429093,17.970176775827,44.2846183776855,0,0,0,801,290.270172119141,1,4,1,2.00027465820313,56.6959953308105,,,,,,,,,,,,,,,,
,3702839800.8495,289.771499633789,4999.919921875,-9.48515168246395E-6,1.5105967426684E-7,1,20.0100484152476,40.0298881530762,2.00913819675943,17.0900002121925,-0.000103266575969152,-2.83795319246868E-5,0.25,-9.00276542009406E-7,-9.48714617505619E-6,-9.06935979289451E-7,289.762786865234,289.762786865234,4999.919921875,4999.919921875,51.5030663891593,17.9660468420501,44.3074989318848,0,0,0,801,290.285125732422,1,4,1,2.0037841796875,56.6959953308105,,,,,,,,,,,,,,,,
,3702840107.358,294.595764160156,4999.90625,,,2,,,,17.1099997267127,,,,,,,294.595764160156,294.595764160156,4999.90625,4999.90625,,,44.8566207885742,,,,801,294.771820068359,0,0,0,0.04486083984375,54.2522010803223,,,,,,,,,,,,,,,,
,3702840181.07,294.669097900391,4999.90600585937,-9.28047940604004E-6,1.47868987091024E-7,1,20.0100484152476,40.0298881530762,1.99670712577,17.1000007539988,-0.00010025587889741,-2.85943059609804E-5,0.25,-9.71323374900229E-7,-9.28101612872107E-6,-9.77596122057278E-7,294.653930664063,294.653930664063,4999.9013671875,4999.91064453125,51.7258305171401,17.9404817784459,45.0053443908691,0,0,0,801,295.248565673828,1,4,1,1.98226928710938,56.2072334289551,,,,,,,,,,,,,,,,
,3702840201.1055,294.696350097656,4999.91064453125,-9.2286989313563E-6,1.56120218979253E-7,1,20.0100484152476,40.0298881530762,1.99672128428599,17.1000007539988,-9.93531989130851E-5,-3.03964821549937E-5,0.25,-1.14414832135731E-6,-9.22910708180381E-6,-1.15040712533223E-6,294.684265136719,294.684265136719,4999.91064453125,4999.91064453125,51.5804476125632,17.9541360172142,45.0511054992676,0,0,0,801,295.261077880859,1,4,1,1.9793701171875,55.7184753417969,,,,,,,,,,,,,,,,
,3702840221.184,294.717987060547,4999.90844726562,-9.27634702609559E-6,1.56861208386311E-7,1,20.0100484152476,40.0298881530762,1.99668129097445,17.1000007539988,-0.0001000077341898,-2.97340994175246E-5,0.25,-1.07565854113097E-6,-9.27680060507364E-6,-1.08193901884794E-6,294.708435058594,294.708435058594,4999.90625,4999.91064453125,51.3490855708708,17.9536682521676,45.0854225158691,0,0,0,801,295.276153564453,1,4,1,1.97998046875,56.2072334289551,,,,,,,,,,,,,,,,
,3702840601.246,299.613464355469,4999.89697265625,-8.99162513985732E-6,1.55021043211969E-7,1,20.0100484152476,40.0298881530762,1.99687825392262,17.1000007539988,-9.6565106352541E-5,-3.09193921403249E-5,0.25,-1.23354559969539E-6,-8.99063267796452E-6,-1.23935983069281E-6,299.597320556641,299.597320556641,4999.892578125,4999.9013671875,51.3100041449093,17.9533885181531,45.8519096374512,0,0,0,801,300.240600585937,1,4,1,1.9781494140625,56.6959953308105,,,,,,,,,,,,,,,,
,3702840621.318,299.642318725586,4999.90380859375,-9.0899705466623E-6,1.49316381939874E-7,1,20.0100484152476,40.0298881530762,1.99683959973439,17.1000007539988,-9.80902122809449E-5,-2.85712903460983E-5,0.25,-1.00297156550565E-6,-9.0891179691259E-6,-1.0088530330936E-6,299.629608154297,299.629608154297,4999.9013671875,4999.90625,51.6625186070824,17.9335095080515,45.8747901916504,0,0,0,801,300.25390625,1,4,1,1.98150634765625,56.6959953308105,,,,,,,,,,,,,,,,
,3702840641.3415,299.665390014648,4999.8994140625,-9.01195012361587E-6,1.55231310068731E-7,1,20.0100484152476,40.0298881530762,1.9970348759341,17.1000007539988,-9.67616583065329E-5,-3.11557604206508E-5,0.25,-1.25125728564456E-6,-9.01093185688848E-6,-1.25708118260325E-6,299.655029296875,299.655029296875,4999.892578125,4999.90625,51.3967649105439,17.9430651929762,45.943431854248,0,0,0,801,300.269226074219,1,4,1,1.97830200195313,56.6959953308105,,,,,,,,,,,,,,,,
