,3702568497.686,300.487365722656,5000.01318359375,,,2,,,,17.0699999317527,,,,,,,300.487365722656,300.487365722656,5000.01318359375,5000.01318359375,,,43.8613357543945,,,,400,301.819854736328,0,0,0,0.0030517578125,40.5669593811035,,,,,,,,,,,,,,,,
,3702568646.278,299.637466430664,5000.00390625,4.70258801420628E-5,1.98987507115957E-7,1,9.99253354069792,40.0298881530762,2.00018104935734,17.0499999076128,0.000517892285981728,9.3123820007465E-5,0.25,2.05594402230649E-7,4.70247126891988E-5,2.36132380652956E-7,299.629760742188,299.629760742188,4999.9990234375,5000.0087890625,51.6312534663132,18.2799815232991,44.1015777587891,0,0,0,400,300.532348632812,1,4,1,1.99935913085938,48.8758583068848,,,,,,,,,,,,,,,,
,3702568817.381,288.891418457031,4999.99462890625,,,2,,,,17.0799995422363,,,,,,,288.891418457031,288.891418457031,4999.99462890625,4999.99462890625,,,44.2960586547852,,,,400,283.015075683594,0,0,0,0.002899169921875,48.8758583068848,,,,,,,,,,,,,,,,
,3702569016.022,289.900985717773,4999.98046875,4.75053722142789E-5,1.98255151076516E-7,1,9.99253354069792,40.0298881530762,2.00059116795901,17.0799996703863,0.000523216610487266,9.5323477959281E-5,0.25,3.15673000229065E-7,4.75180113143769E-5,3.47856838446309E-7,289.902923583984,289.902923583984,4999.97607421875,4999.98486328125,52.033792153717,18.2855831151147,44.6506996154785,0,0,0,400,290.055297851562,1,4,1,2.0037841796875,53.2746849060059,,,,,,,,,,,,,,,,
,3702569207.291,278.088836669922,4999.99462890625,,,2,,,,17.0900000840425,,,,,,,278.088836669922,278.088836669922,4999.99462890625,4999.99462890625,,,44.7765426635742,,,,400,278.045745849609,0,0,0,0.024566650390625,50.8308906555176,,,,,,,,,,,,,,,,
,3702569385.708,279.980270385742,5000.08740234375,4.76779803813282E-5,1.83866052436054E-7,1,9.99253354069792,40.0298881530762,1.9999523417357,17.0799996703863,0.000526972819811114,8.50754803508833E-5,0.25,-6.45303412769625E-7,4.77055675207037E-5,-6.12079894515616E-7,279.983276367187,279.983276367187,5000.08740234375,5000.08740234375,51.9282723036209,18.2733089798266,44.7879829406738,0,0,0,400,279.873565673828,1,4,1,2.00286865234375,54.2522010803223,,,,,,,,,,,,,,,,
,3702569576.838,267.885833740234,5000.0830078125,,,2,,,,17.0999996945262,,,,,,,267.885833740234,267.885833740234,5000.0830078125,5000.0830078125,,,44.5820617675781,,,,400,268.852111816406,0,0,0,0.035400390625,51.808406829834,,,,,,,,,,,,,,,,
,3702569745.4715,270.061630249023,5000.07592773438,4.77203654835191E-5,1.89780900384732E-7,1,9.99253354069792,40.0298881530762,1.99908702378211,17.0799996703863,0.000527665328519167,8.35257268324053E-5,0.25,-7.93909154254447E-7,4.77623321977211E-5,-7.59488193913123E-7,270.069549560547,270.069549560547,5000.07373046875,5000.078125,51.8977887913709,18.2897692782684,44.5248603820801,0,0,0,400,269.678741455078,1,4,1,1.98776245117187,55.2297172546387,,,,,,,,,,,,,,,,
,3702569926.665,257.282745361328,4999.97119140625,,,2,,,,17.1100002363324,,,,,,,257.282745361328,257.282745361328,4999.97119140625,4999.97119140625,,,44.2960586547852,,,,400,257.6591796875,0,0,0,0.00274658203125,52.2971649169922,,,,,,,,,,,,,,,,
,3702570105.261,260.150161743164,4999.96899414063,4.68171040116232E-5,1.89237805889824E-7,1,9.99253354069792,40.0298881530762,1.9875157007259,17.1000007539988,0.000515872488192922,7.64481173650788E-5,0.25,-1.24272140961302E-6,4.68725498942871E-5,-1.20814200008001E-6,260.158660888672,260.158660888672,4999.95751953125,4999.98046875,52.1807383153324,18.2854367084034,44.2388572692871,0,0,0,400,259.634063720703,1,4,1,1.9805908203125,55.2297172546387,,,,,,,,,,,,,,,,
,3702570445.04,250.249893188477,4999.96215820313,4.75791498234909E-5,1.87726982709439E-7,1,9.99253354069792,40.0298881530762,1.98680859445922,17.1000007539988,0.000523845309691899,7.99762830338255E-5,0.25,-1.05613414681533E-6,4.76493800421604E-5,-1.01931835225366E-6,250.260986328125,250.260986328125,4999.95751953125,4999.966796875,52.3628577603132,18.3005390559993,43.9299736022949,0,0,0,400,249.564926147461,1,4,1,1.98745727539062,55.7184753417969,,,,,,,,,,,,,,,,
,3702570546.225,243.434005737305,4999.9619140625,,,2,,,,17.1399999991059,,,,,,,243.434005737305,243.434005737305,4999.9619140625,4999.9619140625,,,43.8041343688965,,,,400,227.972061157227,0,0,0,0.00274658203125,52.7859268188477,,,,,,,,,,,,,,,,
,3702570764.731,240.346908569336,4999.92016601562,4.75797359332866E-5,1.7863652229886E-7,1,9.99253354069792,40.0298881530762,1.98633947313786,17.119999974966,0.000525822639561827,6.8953883992225E-5,0.25,-2.06358615368606E-6,4.76647276271388E-5,-2.02693642693221E-6,240.360427856445,240.360427856445,4999.91552734375,4999.9248046875,52.2143483416594,18.2948192380325,43.6554107666016,0,0,0,400,239.511734008789,1,4,1,1.98593139648438,55.7184753417969,,,,,,,,,,,,,,,,
,3702570886.038,230.128479003906,4999.95751953125,,,2,,,,17.1600001513958,,,,,,,230.128479003906,230.128479003906,4999.95751953125,4999.95751953125,,,43.4838104248047,,,,400,217.7470703125,0,0,0,0.002899169921875,52.7859268188477,,,,,,,,,,,,,,,,
,3702571094.5685,230.384132385254,4999.95971679687,4.97866890062594E-5,1.89030267687645E-7,1,9.99253354069792,40.0298881530762,1.97298753555469,17.1499997377396,0.000542881130156713,9.43295978531658E-5,0.25,-8.65972182093605E-8,4.98882748584188E-5,-4.24441504336375E-8,230.394958496094,230.394958496094,4999.95751953125,4999.9619140625,52.3198681917555,18.2754459524175,43.3579711914063,0,0,0,400,229.588226318359,1,4,1,1.98562622070313,55.7184753417969,,,,,,,,,,,,,,,,
,3702571235.956,218.155502319336,4999.93408203125,,,2,,,,17.1800003036857,,,,,,,218.155502319336,218.155502319336,4999.93408203125,4999.93408203125,,,43.1749267578125,,,,400,212.566589355469,0,0,0,0.024566650390625,52.7859268188477,,,,,,,,,,,,,,,,
,3702571424.3355,220.465187072754,4999.943359375,5.10209646182766E-5,1.81554250543222E-7,1,9.99253354069792,40.0298881530762,1.99979964555784,17.170000821352,0.000563302170763824,0.000100127313481067,0.25,1.06422131401723E-7,5.11393350657246E-5,1.54585137715935E-7,220.475646972656,220.475646972656,4999.93408203125,4999.95263671875,52.3401905332555,18.2581585077038,43.0948486328125,0,0,0,400,219.626983642578,1,4,1,1.998291015625,55.7184753417969,,,,,,,,,,,,,,,,
,3702571585.352,207.599426269531,4999.94775390625,,,2,,,,17.2000004559755,,,,,,,207.599426269531,207.599426269531,4999.94775390625,4999.94775390625,,,42.9232444763184,,,,400,206.655120849609,0,0,0,0.025482177734375,52.2971649169922,,,,,,,,,,,,,,,,
,3702571894.0035,210.163963317871,5000.02465820313,5.35216362865654E-5,2.07306590350602E-7,1,9.99253354069792,40.0298881530762,1.97433584518518,17.1900000423193,0.000582592374901951,0.000111365859858461,0.25,8.02534158300382E-7,5.36605152627511E-5,8.57925584393128E-7,210.17448425293,210.17448425293,5000.0224609375,5000.02685546875,52.2940744506209,18.2547378789579,42.8317260742188,0,0,0,400,209.379150390625,1,4,1,1.98150634765625,55.7184753417969,,,,,,,,,,,,,,,,
,3702572065.147,197.907897949219,5000.03173828125,,,2,,,,17.2100000664592,,,,,,,197.907897949219,197.907897949219,5000.03173828125,5000.03173828125,,,42.6372451782227,,,,400,199.145919799805,0,0,0,0.002593994140625,53.2746849060059,,,,,,,,,,,,,,,,
,3702572373.5745,200.127983093262,4999.97143554687,5.24239937104615E-5,2.09893548024298E-7,1,9.99253354069792,40.0298881530762,2.00098675896268,17.2000005841255,0.000576483795400337,0.000119834027936969,0.25,1.62598719245141E-6,5.25733977701747E-5,1.68615262613849E-6,200.137573242187,200.137573242187,4999.966796875,4999.97607421875,52.4144452425825,18.2623948721173,42.5457229614258,0,0,0,400,199.361312866211,1,4,1,2.01583862304687,56.2072334289551,,,,,,,,,,,,,,,,
,3702572544.693,187.817596435547,4999.9619140625,,,2,,,,17.230000218749,,,,,,,187.817596435547,187.817596435547,4999.9619140625,4999.9619140625,,,42.3626823425293,,,,400,188.483383178711,0,0,0,0.024566650390625,53.2746849060059,,,,,,,,,,,,,,,,
,3702572873.1615,190.113922119141,4999.98266601562,5.11010922152617E-5,2.43146036633094E-7,1,9.99253354069792,40.0298881530762,1.98884980576258,17.2199998050928,0.000561060679600395,0.000103557162182539,0.25,4.34541417712649E-7,5.12613938696044E-5,4.93624091814467E-7,190.120086669922,190.120086669922,4999.98046875,4999.98486328125,51.901696933967,18.2676325548217,42.3054809570313,0,0,0,400,189.365692138672,1,4,1,1.97799682617187,56.2072334289551,,,,,,,,,,,,,,,,
,3702573054.335,178.277099609375,4999.943359375,,,2,,,,17.2500003710389,,,,,,,178.277099609375,178.277099609375,4999.943359375,4999.943359375,,,42.0995597839355,,,,400,179.787963867187,0,0,0,0.002899169921875,52.7859268188477,,,,,,,,,,,,,,,,
,3702573372.851,180.129234313965,4999.943359375,5.14092458631074E-5,3.79620685429716E-7,1,9.99253354069792,40.0298881530762,2.00193329309885,17.2400008887053,0.000571129563528163,8.77100981675485E-5,0.25,-1.11654338606063E-6,5.15853658061704E-5,-1.05806011095973E-6,180.135757446289,180.135757446289,4999.91064453125,4999.97607421875,52.108046863044,18.2591302188717,42.0537986755371,0,0,0,400,179.426116943359,1,4,1,2.02362060546875,56.2072334289551,,,,,,,,,,,,,,,,
,3702573544.075,168.084274291992,4999.9013671875,,,2,,,,17.2699995920062,,,,,,,168.084274291992,168.084274291992,4999.9013671875,4999.9013671875,,,41.8478775024414,,,,400,167.739898681641,0,0,0,0.002899169921875,53.2746849060059,,,,,,,,,,,,,,,,
,3702573882.514,170.144638061523,5000.02001953125,5.17884256377906E-5,3.76018628663093E-7,1,9.99253354069792,40.0298881530762,1.98948725546105,17.2499995678663,0.000571468763295316,9.13446844029231E-5,0.25,-8.12729207909449E-7,5.19780290304775E-5,-7.47980821875222E-7,170.150360107422,170.150360107422,5000.017578125,5000.0224609375,52.4996427511786,18.2659219687278,41.7792358398438,0,0,0,400,169.47770690918,1,4,1,1.97372436523438,56.2072334289551,,,,,,,,,,,,,,,,
,3702574163.577,160.728744506836,5000.0224609375,,,2,,,,17.2800001338124,,,,,,,160.728744506836,160.728744506836,5000.0224609375,5000.0224609375,,,41.5961952209473,,,,400,160.345993041992,0,0,0,0.035552978515625,53.2746849060059,,,,,,,,,,,,,,,,
,3702574402.114,160.180465698242,5000.02026367188,5.43068151643135E-5,3.8878946434039E-7,1,9.99253354069792,40.0298881530762,1.97567722945226,17.2600001096725,0.000593382788540945,0.000106836941583264,0.25,2.08146093567882E-7,5.45165216104952E-5,2.86117149712553E-7,160.185729980469,160.185729980469,5000.0087890625,5000.03173828125,51.9134213617555,18.2673932298067,41.5046730041504,0,0,0,400,159.373641967773,1,4,1,1.98104858398438,56.2072334289551,,,,,,,,,,,,,,,,
,3702574563.34,148.712600708008,5000.02685546875,,,2,,,,17.3099998965859,,,,,,,148.712600708008,148.712600708008,5000.02685546875,5000.02685546875,,,41.2873115539551,,,,400,142.542739868164,0,0,0,0.034637451171875,52.7859268188477,,,,,,,,,,,,,,,,
,3702574931.688,150.219650268555,5000.03173828125,5.17860372948297E-5,4.72506995352883E-7,1,9.99253354069792,40.0298881530762,1.97658098049387,17.2899998724461,0.000570684631055078,7.6516503650282E-5,0.25,-2.13261933077678E-6,5.20004344378252E-5,-2.06065582816751E-6,150.225204467773,150.225204467773,5000.03173828125,5000.03173828125,51.914984618794,18.2505644776545,41.230110168457,0,0,0,400,149.232437133789,1,4,1,1.97433471679687,56.2072334289551,,,,,,,,,,,,,,,,
,3702575122.608,138.235717773438,5000.0087890625,,,2,,,,17.3200004383922,,,,,,,138.235717773438,138.235717773438,5000.0087890625,5000.0087890625,,,40.9669876098633,,,,400,137.462249755859,0,0,0,0.035552978515625,52.7859268188477,,,,,,,,,,,,,,,,
,3702575471.422,140.22957611084,5000.00366210937,5.54702405481606E-5,2.61110737083561E-7,1,9.99253354069792,40.0298881530762,2.00144121582911,17.3099990934134,0.000616783763173133,9.38798064169175E-5,0.25,-1.30705264130062E-6,5.57089995288612E-5,-1.21694637946091E-6,140.234222412109,140.234222412109,4999.98974609375,5000.017578125,52.1713587731017,18.2566248534341,40.9212303161621,0,0,0,400,139.403503417969,1,4,1,2.0281982421875,56.2072334289551,,,,,,,,,,,,,,,,
,3702575742.394,130.378463745117,4999.9990234375,,,2,,,,17.3300000488758,,,,,,,130.378463745117,130.378463745117,4999.9990234375,4999.9990234375,,,40.6581077575684,,,,400,130.705200195312,0,0,0,0.024566650390625,53.2746849060059,,,,,,,,,,,,,,,,
,3702576010.877,130.24446105957,5000.00610351562,5.62265635472981E-5,2.32717438108259E-7,1,9.99253354069792,40.0298881530762,2.00162941865839,17.3199996352196,0.000626270656943164,8.99800179972478E-5,0.25,-1.80636338208128E-6,5.64787249582349E-5,-1.70567422646041E-6,130.248596191406,130.248596191406,4999.9990234375,5000.01318359375,52.1557262027171,18.2575102747781,40.5894660949707,0,0,0,400,129.56916809082,1,4,1,2.0025634765625,55.7184753417969,,,,,,,,,,,,,,,,
,3702576201.968,119.347984313965,4999.87841796875,,,2,,,,17.3599998116493,,,,,,,119.347984313965,119.347984313965,4999.87841796875,4999.87841796875,,,40.2805824279785,,,,400,115.0546875,0,0,0,0.00244140625,53.2746849060059,,,,,,,,,,,,,,,,
,3702576560.5005,120.278964996338,4999.869140625,5.71337694622809E-5,1.77351916769685E-7,1,9.99253354069792,40.0298881530762,2.00115427649398,17.3499993979931,0.000635469251974484,9.61952484620608E-5,0.25,-1.41949174415966E-6,5.73963945689133E-5,-1.30050311793007E-6,120.28254699707,120.28254699707,4999.85986328125,4999.87841796875,52.0361370392747,18.2711329971099,40.2119445800781,0,0,0,400,119.557708740234,1,4,1,2.02117919921875,56.2072334289551,,,,,,,,,,,,,,,,
,3702576791.472,109.204895019531,4999.97119140625,,,2,,,,17.3700003534555,,,,,,,109.204895019531,109.204895019531,4999.97119140625,4999.97119140625,,,39.8572998046875,,,,400,108.469039916992,0,0,0,0.002899169921875,53.2746849060059,,,,,,,,,,,,,,,,
,3702577120.1595,110.309043884277,4999.98046875,5.70306922190462E-5,1.71481881414111E-7,1,9.99253354069792,40.0298881530762,2.00155312063921,17.3599999397993,0.000633549408202595,0.00010134200911662,0.25,-9.58061192523256E-7,5.72957076658802E-5,-8.17956634185507E-7,110.312385559082,110.312385559082,4999.98046875,4999.98046875,52.1260243189863,18.2590698461338,39.8115386962891,0,0,0,400,109.596450805664,1,4,1,2.01171875,56.2072334289551,,,,,,,,,,,,,,,,
,3702577410.989,99.987419128418,4999.85986328125,,,2,,,,17.3700003534555,,,,,,,99.987419128418,99.987419128418,4999.85986328125,4999.85986328125,,,39.4225769042969,,,,400,100.087738037109,0,0,0,0.03875732421875,53.2746849060059,,,,,,,,,,,,,,,,
,3702577699.671,100.333084106445,4999.85278320313,5.68851974820434E-5,2.10405657435045E-7,1,9.99253354069792,40.0298881530762,2.00155009661306,17.3599999397993,0.000632514188309577,9.77390712057945E-5,0.25,-1.28257576989876E-6,5.71493569750051E-5,-1.11903394157832E-6,100.335548400879,100.335548400879,4999.845703125,4999.85986328125,52.4988611226594,18.258970841252,39.3424949645996,0,0,0,400,99.6519012451172,1,4,1,2.01126098632813,56.2072334289551,,,,,,,,,,,,,,,,
,3702577939.5455,100.396831512451,4999.92016601562,5.68739607301399E-5,1.80524875541189E-7,1,9.99253354069792,40.0298881530762,2.00165171323267,17.3700004816055,0.00062963536242017,0.000113396251756996,0.25,1.3287669716208E-7,5.71338862682942E-5,3.02678131282631E-7,100.406669616699,100.406669616699,4999.91064453125,4999.9296875,52.0205044688901,18.2559810624102,39.3081741333008,0,0,0,400,99.7085571289063,1,4,1,2.01950073242187,56.2072334289551,,,,,,,,,,,,,,,,
,3702577949.504,100.378566741943,4999.91528320313,5.67624620276218E-5,1.79770258015464E-7,1,9.99253354069792,40.0298881530762,2.0021951149417,17.3599999397993,0.000629441334565006,0.000108258951037276,0.25,-3.13732269143865E-7,5.70231968773839E-5,-1.46253827213562E-7,100.386993408203,100.386993408203,4999.91064453125,4999.919921875,52.0994489493324,18.2526261184823,39.3196144104004,0,0,0,400,99.6861190795898,1,4,1,2.02285766601562,56.2072334289551,,,,,,,,,,,,,,,,
,3702578030.737,97.8935241699219,4999.91552734375,,,2,,,,17.3799999639392,,,,,,,97.8935241699219,97.8935241699219,4999.91552734375,4999.91552734375,,,39.2052154541016,,,,400,93.0882415771484,0,0,0,0.002899169921875,53.2746849060059,,,,,,,,,,,,,,,,
,3702578429.1925,95.5078239440918,5000.06884765625,5.62151108899898E-5,2.34430208783408E-7,1,9.99253354069792,40.0298881530762,1.99018385321435,17.3599999397993,0.000620000930254939,0.000105367676914506,0.25,-4.37296755808332E-7,5.64703045191267E-5,-2.5701240495322E-7,95.5103073120117,95.5103073120117,5000.06884765625,5000.06884765625,51.8759031928324,18.2472220732487,39.0679321289063,0,0,0,400,94.8815231323242,1,4,1,1.9915771484375,56.2072334289551,,,,,,,,,,,,,,,,
,3702578439.1255,95.5031547546387,5000.06640625,5.668451623352E-5,2.52224730437342E-7,1,9.99253354069792,40.0298881530762,1.99018566170142,17.3599999397993,0.000625374893982833,0.00010514420014038,0.25,-5.41146541210011E-7,5.69421612247713E-5,-3.59793558802796E-7,95.5053405761719,95.5053405761719,5000.06396484375,5000.06884765625,52.3253395913902,18.2464044859585,39.0564918518066,0,0,0,400,94.8833770751953,1,4,1,1.98806762695313,56.2072334289551,,,,,,,,,,,,,,,,
,3702578650.208,90.5492782592773,5000.06396484375,,,2,,,,17.3899995744228,,,,,,,90.5492782592773,90.5492782592773,5000.06396484375,5000.06396484375,,,38.8162498474121,,,,400,90.734001159668,0,0,0,0.002899169921875,53.2746849060059,,,,,,,,,,,,,,,,
,3702578928.779,90.7153816223145,4999.94311523438,5.56587889402703E-5,1.69994292233269E-7,1,9.99253354069792,40.0298881530762,1.98968975460188,17.3799991607666,0.000614027312628647,0.000102211746528923,0.25,-6.384171173015E-7,5.59063451938711E-5,-4.44000640771421E-7,90.7177810668945,90.7177810668945,4999.9384765625,4999.94775390625,52.0955408067363,18.2647510384137,38.7933692932129,0,0,0,400,90.1043548583984,1,4,1,1.97402954101562,55.7184753417969,,,,,,,,,,,,,,,,
,3702578938.789,90.7106895446777,4999.93627929687,5.57841717368171E-5,1.77177022181215E-7,1,9.99253354069792,40.0298881530762,1.98970450818861,17.3799991607666,0.000615263173568611,0.000103293208944185,0.25,-5.62621737239976E-7,5.60320048010029E-5,-3.67409217748389E-7,90.7129821777344,90.7129821777344,4999.93408203125,4999.9384765625,51.7727282282939,18.2622593563169,38.7933692932129,0,0,0,400,90.1074447631836,1,4,1,1.99020385742187,55.7184753417969,,,,,,,,,,,,,,,,
,3702579269.692,86.090087890625,4999.943359375,,,2,,,,17.3899995744228,,,,,,,86.090087890625,86.090087890625,4999.943359375,4999.943359375,,,38.5416870117188,,,,400,85.4704437255859,0,0,0,0.00274658203125,53.2746849060059,,,,,,,,,,,,,,,,
,3702579458.389,85.9094657897949,4999.93408203125,5.55692723909119E-5,1.98236565119862E-7,1,9.99253354069792,40.0298881530762,1.98956582783896,17.3799991607666,0.000612421516700905,0.000104724438966808,0.25,-4.11328745980525E-7,5.58063972866346E-5,-1.96886537308582E-7,85.9106750488281,85.9106750488281,4999.93408203125,4999.93408203125,52.097885692294,18.258613760752,38.484489440918,0,0,0,400,85.34326171875,1,4,1,1.98989868164062,55.7184753417969,,,,,,,,,,,,,,,,
,3702579468.4475,85.9080123901367,4999.93408203125,5.58801104516619E-5,2.51606275556744E-7,1,9.99253354069792,40.0298881530762,1.98951227506022,17.3799991607666,0.000615362051987558,0.000107935193755985,0.25,-1.74888743060096E-7,5.61176294997902E-5,4.17711455303501E-8,85.9082565307617,85.9082565307617,4999.93408203125,4999.93408203125,51.8501094516978,18.2591768069878,38.4959297180176,0,0,0,400,85.3418350219727,1,4,1,1.9915771484375,55.7184753417969,,,,,,,,,,,,,,,,
,3702579889.194,81.1098098754883,4999.93408203125,,,2,,,,17.4000001162291,,,,,,,81.1098098754883,81.1098098754883,4999.93408203125,4999.93408203125,,,38.1870460510254,,,,400,80.5955505371094,0,0,0,0.00274658203125,52.7859268188477,,,,,,,,,,,,,,,,
,3702579948.0175,81.1286087036133,4999.92236328125,5.60064825393782E-5,1.95945037174838E-7,1,9.99253354069792,40.0298881530762,1.97601314714476,17.3899997025728,0.00061049509542709,0.000119332097242402,0.25,8.89283101163481E-7,5.62260387272938E-5,1.13273413124444E-6,81.1301956176758,81.1301956176758,4999.919921875,4999.9248046875,51.8891908776593,18.2485035355526,38.1756057739258,0,0,0,400,80.568115234375,1,4,1,1.9769287109375,55.2297172546387,,,,,,,,,,,,,,,,
,3702579958.0115,81.1251258850098,4999.92724609375,5.61790385278682E-5,1.91511333000425E-7,1,9.99253354069792,40.0298881530762,1.97589588473097,17.3899997025728,0.000612790565206394,0.00011718360554066,0.25,6.62439473336173E-7,5.64002420963798E-5,9.05741891920966E-7,81.1270217895508,81.1270217895508,4999.9248046875,4999.9296875,51.7766363708901,18.2493844629828,38.1870460510254,0,0,0,400,80.5685729980469,1,4,1,1.978759765625,55.7184753417969,,,,,,,,,,,,,,,,
,3702580247.8655,76.370777130127,4999.92724609375,5.64129406639331E-5,1.98021926044697E-7,1,9.99253354069792,40.0298881530762,1.97577943198506,17.3899997025728,0.000614490981520502,0.000120932547672653,0.25,9.4346271417136E-7,5.66131738109516E-5,1.21325834362654E-6,76.3784790039063,76.3784790039063,4999.9248046875,4999.9296875,52.0416084389094,18.2523235048342,37.855281829834,0,0,0,400,75.7834091186523,1,4,1,1.97830200195313,55.7184753417969,,,,,,,,,,,,,,,,
,3702580257.8035,76.3536109924316,4999.9296875,5.6578730892557E-5,1.91037155889153E-7,1,9.99253354069792,40.0298881530762,1.97579943830637,17.3899997025728,0.000617024711003588,0.000117261699134664,0.25,5.77536641157181E-7,5.67812052399935E-5,8.4688032158659E-7,76.3630752563477,76.3630752563477,4999.9296875,4999.9296875,51.9798597858901,18.2485194439391,37.855281829834,0,0,0,400,75.7834854125977,1,4,1,1.9775390625,55.7184753417969,,,,,,,,,,,,,,,,
,3702580488.933,70.9677581787109,5000.041015625,,,2,,,,17.4099997267127,,,,,,,70.9677581787109,70.9677581787109,5000.041015625,5000.041015625,,,37.4777603149414,,,,400,70.4324722290039,0,0,0,0.024566650390625,52.7859268188477,,,,,,,,,,,,,,,,
,3702580577.5115,71.50537109375,5000.03637695313,6.02662143482306E-5,3.8364833125737E-7,1,9.99253354069792,40.0298881530762,1.98958590011709,17.3899997025728,0.0006600647664911,0.000132284452047328,0.25,1.18792956857358E-6,6.04472371814979E-5,1.50547988247753E-6,71.5132827758789,71.5132827758789,5000.03173828125,5000.041015625,51.8211891964863,18.2542731166391,37.489200592041,0,0,0,400,70.9844741821289,1,4,1,1.98822021484375,55.2297172546387,,,,,,,,,,,,,,,,
,3702580587.5515,71.4971504211426,5000.041015625,5.59562702420019E-5,3.26842248267767E-7,1,9.99253354069792,40.0298881530762,1.98956010607341,17.400000244379,0.00061229593245673,0.000125911780877617,0.25,1.38399502598613E-6,5.61228243185546E-5,1.67975422335828E-6,71.4974594116211,71.4974594116211,5000.041015625,5000.041015625,51.8211891964863,18.2559116887509,37.4777603149414,0,0,0,400,71.0237121582031,1,4,1,2.00653076171875,55.2297172546387,,,,,,,,,,,,,,,,
,3702581017.255,66.6791152954102,4999.9921875,5.01658445576499E-5,3.95564278476595E-7,1,9.99253354069792,40.0298881530762,1.98919434932423,17.3899997025728,0.000545088360098326,0.000131355649379673,0.25,2.9077270189167E-6,5.02690591232561E-5,3.20048872155391E-6,66.6854248046875,66.6854248046875,4999.98974609375,4999.99462890625,51.6726797778324,18.2617117901933,37.0659141540527,0,0,0,400,66.1786880493164,1,4,1,1.99005126953125,56.2072334289551,,,,,,,,,,,,,,,,
,3702581027.178,66.6678466796875,4999.9873046875,5.00769445694178E-5,4.23515142971888E-7,1,9.99253354069792,40.0298881530762,1.98933136843556,17.3899997025728,0.000545956577653327,0.000121160766972445,0.25,1.99457212738301E-6,5.01850497371957E-5,2.2846987123548E-6,66.6728057861328,66.6728057861328,4999.98486328125,4999.98974609375,51.7610038005055,18.2561614530365,37.0659141540527,0,0,0,400,66.1998977661133,1,4,1,1.97280883789062,55.7184753417969,,,,,,,,,,,,,,,,
,3702581108.454,65.507438659668,4999.9990234375,,,2,,,,17.4099997267127,,,,,,,65.507438659668,65.507438659668,4999.9990234375,4999.9990234375,,,36.9743957519531,,,,400,64.0743865966797,0,0,0,0.002899169921875,53.2746849060059,,,,,,,,,,,,,,,,
,3702581396.946,61.8552436828613,4999.99682617188,5.67433655301531E-5,5.21060893981474E-7,1,9.99253354069792,40.0298881530762,1.99051702656593,17.3899997025728,0.00061711283257367,0.000144266014777755,0.25,2.87581174068155E-6,5.68066746027149E-5,3.22786937387489E-6,61.8486366271973,61.8486366271973,4999.98486328125,5000.0087890625,52.2409237113132,18.2465351598962,36.6197509765625,0,0,0,400,61.4701538085938,1,4,1,1.98577880859375,56.2072334289551,,,,,,,,,,,,,,,,
,3702581406.9505,61.863000869751,4999.98486328125,5.38397040882842E-5,4.35597689230641E-7,1,9.99253354069792,40.0298881530762,1.99051968510639,17.400000244379,0.000582523668501329,0.000153530429983954,0.25,4.24527050823128E-6,5.38905705000176E-5,4.58145097584967E-6,61.8618507385254,61.8618507385254,4999.98486328125,4999.98486328125,51.8805929639478,18.2493534084889,36.6197509765625,0,0,0,400,61.433349609375,1,4,1,2.00241088867187,56.2072334289551,,,,,,,,,,,,,,,,
,3702581727.793,56.9975814819336,4999.98046875,,,2,,,,17.4099997267127,,,,,,,56.9975814819336,56.9975814819336,4999.98046875,4999.98046875,,,36.1392669677734,,,,400,56.7552299499512,0,0,0,0.035400390625,52.7859268188477,,,,,,,,,,,,,,,,
,3702581758.983,57.0598793029785,4999.97827148438,5.66822336819584E-5,3.25955638160379E-7,1,9.99253354069792,40.0298881530762,1.97679440230704,17.3899997025728,0.000615799184585971,0.000120145175214148,0.25,7.58701268307092E-7,5.66897271833478E-5,1.12223065861268E-6,57.0646667480469,57.0646667480469,4999.97607421875,4999.98046875,51.881374592467,18.2414740257151,36.1049461364746,0,0,0,400,56.636302947998,1,4,1,1.97296142578125,54.7409591674805,,,,,,,,,,,,,,,,
,3702581766.6705,57.051025390625,4999.97827148438,5.55222468277198E-5,3.14856351664436E-7,1,9.99253354069792,40.0298881530762,1.97663504984629,17.3899997025728,0.000600553440743748,0.000131999176116025,0.25,2.05836023745046E-6,5.55210196354958E-5,2.41474832784056E-6,57.0550918579102,57.0550918579102,4999.97607421875,4999.98046875,51.9540660447555,18.2459380313383,36.0820693969727,0,0,0,400,56.6640739440918,1,4,1,1.97601318359375,55.2297172546387,,,,,,,,,,,,,,,,
,3702582096.3915,52.2219543457031,4999.97583007812,7.305766209553E-5,1.85159242919748E-7,1,9.99253354069792,40.0298881530762,1.97639662428439,17.3899997025728,0.000797239803626021,0.000128051731550748,0.25,-1.4653586755795E-6,7.29794734844149E-5,-9.94910229191843E-7,52.2217178344727,52.2217178344727,4999.97119140625,4999.98046875,52.0079984125824,18.2470031628888,35.5100631713867,0,0,0,400,51.9006614685059,1,4,1,1.9775390625,55.7184753417969,,,,,,,,,,,,,,,,
,3702582106.518,52.2236423492432,4999.9736328125,7.34907011281525E-5,1.74961770914857E-7,1,9.99253354069792,40.0298881530762,1.97627789423216,17.3899997025728,0.000800372972797721,0.000137337644529433,0.25,-6.89101193977741E-7,7.34070511694314E-5,-2.16801337536791E-7,52.2221908569336,52.2221908569336,4999.97119140625,4999.97607421875,52.1354038612171,18.2493662328594,35.4986228942871,0,0,0,400,51.9110298156738,1,4,1,1.97647094726562,55.7184753417969,,,,,,,,,,,,,,,,
,3702582326.296,52.2289257049561,5000.103515625,7.67849598316088E-5,2.88020147137985E-7,1,9.99253354069792,40.0298881530762,1.97667037566651,17.3899997025728,0.000833713610756215,0.000158394430947925,0.25,6.47722082714389E-7,7.66889093290582E-5,1.13956914198163E-6,52.2281913757324,52.2281913757324,5000.10107421875,5000.10595703125,52.1111733771209,18.2429517824734,35.4643020629883,0,0,0,400,51.9250564575195,1,4,1,1.97463989257813,55.7184753417969,,,,,,,,,,,,,,,,
,3702582347.622,52.2036781311035,5000.0966796875,,,2,,,,17.4200002685189,,,,,,,52.2036781311035,52.2036781311035,5000.0966796875,5000.0966796875,,,35.5100631713867,,,,400,51.9665679931641,0,0,0,0.024566650390625,52.7859268188477,,,,,,,,,,,,,,,,
