Ch. 2 Output voltage exceeded compliance limit.,3705481800.73967,1.80726420879364,-0.122110687196255,,,0.8266224,0.0003048958,-0.6107954,,,18.31055,0.98304,10,0,0.008266625,0.008266156,-8.812379E-05,,,,,,100,-62.06435,-22.99586,,,,,,,,,,,,,,,,,,,,,44415872,0,,,,,,,,,,,,,,,,
Ch. 2 Output voltage exceeded compliance limit.,3705481803.44072,1.80818629264832,-0.122110687196255,,,0.8271359,0.00109677,-0.6174694,,,18.31055,0.98304,10,0,0.008271771,0.008271291,-8.914212E-05,,,,,,100,-64.8159,-22.96602,,,,,,,,,,,,,,,,,,,,,44415872,0,,,,,,,,,,,,,,,,
Ch. 2 Output voltage exceeded compliance limit.,3705481805.1007,1.80804264545441,-0.134321764111519,,,0.8271419,0.001128561,-0.6159005,,,18.31055,0.98304,10,0,0.008271828,0.008271351,-8.891623E-05,,,,,,100,-67.69671,-22.96865,,,,,,,,,,,,,,,,,,,,,44415872,0,,,,,,,,,,,,,,,,
Ch. 2 Output voltage exceeded compliance limit.,3705481889.23947,1.99964785575867,-0.109899625182152,,,0.8292984,0.0003489382,-0.5733455,,,18.31055,0.98304,10,0,0.008293332,0.008292916,-8.298806E-05,,,,,,100,-65.00803,-23.01504,,,,,,,,,,,,,,,,,,,,,44415872,0,,,,,,,,,,,,,,,,
Ch. 2 Output voltage exceeded compliance limit.,3705481889.97561,1.99930894374847,-0.158743903040886,,,0.8292984,0.0003489382,-0.5733455,,,18.31055,0.98304,10,0,0.008293332,0.008292916,-8.298806E-05,,,,,,100,-65.00803,-23.01504,,,,,,,,,,,,,,,,,,,,,44415872,0,,,,,,,,,,,,,,,,
Ch. 2 Output voltage exceeded compliance limit.,3705481890.66299,1.99931216239929,-0.122110687196255,,,0.8296857,0.0003410582,-0.575892,,,18.31055,0.98304,10,0,0.008297208,0.008296789,-8.339559E-05,,,,,,100,-65.03056,-22.98611,,,,,,,,,,,,,,,,,,,,,44415872,0,,,,,,,,,,,,,,,,
Ch. 2 Output voltage exceeded compliance limit.,3705481974.95977,2.19964098930359,-0.158743903040886,,,0.8314787,0.0007313461,-0.5539336,,,18.31055,0.98304,10,0,0.008315107,0.008314718,-8.038891E-05,,,,,,100,-63.66583,-23.00209,,,,,,,,,,,,,,,,,,,,,44415872,0,,,,,,,,,,,,,,,,
Ch. 2 Output voltage exceeded compliance limit.,3705481975.8753,2.19945049285889,-0.146532833576202,,,0.8314787,0.0007313461,-0.5539336,,,18.31055,0.98304,10,0,0.008315107,0.008314718,-8.038891E-05,,,,,,100,-63.66583,-23.00209,,,,,,,,,,,,,,,,,,,,,44415872,0,,,,,,,,,,,,,,,,
Ch. 2 Output voltage exceeded compliance limit.,3705481976.54255,2.19968891143799,-0.122110687196255,,,0.8313849,0.0004858942,-0.5536612,,,18.31055,0.98304,10,0,0.008314169,0.008313781,-8.034032E-05,,,,,,100,-62.74496,-23.01133,,,,,,,,,,,,,,,,,,,,,44415872,0,,,,,,,,,,,,,,,,
Ch. 2 Output voltage exceeded compliance limit.,3705482061.13209,2.39978861808777,-0.0366332083940506,,,0.8310087,0.001241761,-0.531226,,,18.31055,0.98304,10,0,0.008310377,0.008310019,-7.704974E-05,,,,,,100,-64.0078,-23.02018,,,,,,,,,,,,,,,,,,,,,44415872,0,,,,,,,,,,,,,,,,
Ch. 2 Output voltage exceeded compliance limit.,3705482062.07603,2.39960503578186,-0.0366332083940506,,,0.8307826,0.001082852,-0.5297944,,,18.31055,0.98304,10,0,0.008308113,0.008307758,-7.682117E-05,,,,,,100,-65.72997,-23.01521,,,,,,,,,,,,,,,,,,,,,44415872,0,,,,,,,,,,,,,,,,
Ch. 2 Output voltage exceeded compliance limit.,3705482062.72935,2.39955401420593,-0.0244221389293671,,,0.8307826,0.001082852,-0.5297944,,,18.31055,0.98304,10,0,0.008308113,0.008307758,-7.682117E-05,,,,,,100,-65.72997,-23.01521,,,,,,,,,,,,,,,,,,,,,44415872,0,,,,,,,,,,,,,,,,
Ch. 2 Output voltage exceeded compliance limit.,3705482146.71803,2.60027647018433,-0.122110687196255,,,0.8303216,0.0002516307,-0.5013468,,,18.31055,0.98304,10,0,0.008303465,0.008303148,-7.265566E-05,,,,,,100,-65.67087,-23.0597,,,,,,,,,,,,,,,,,,,,,44415872,0,,,,,,,,,,,,,,,,
Ch. 2 Output voltage exceeded compliance limit.,3705482147.56478,2.59943819046021,-0.122110687196255,,,0.8304721,0.0008810417,-0.5046385,,,18.31055,0.98304,10,0,0.008304975,0.008304653,-7.314598E-05,,,,,,100,-64.84702,-23.04555,,,,,,,,,,,,,,,,,,,,,44415872,0,,,,,,,,,,,,,,,,
Ch. 2 Output voltage exceeded compliance limit.,3705482162.11895,2.60001564025879,-0.0244221389293671,,,0.8307126,0.001130936,-0.5086905,,,18.31055,0.98304,10,0,0.008307385,0.008307057,-7.375469E-05,,,,,,100,-64.42175,-23.03881,,,,,,,,,,,,,,,,,,,,,44415872,0,,,,,,,,,,,,,,,,
Ch. 2 Output voltage exceeded compliance limit.,3705482244.89764,2.79987931251526,-0.0610553435981274,,,0.8295021,0.0002718032,-0.4834084,,,18.31055,0.98304,10,0,0.008295248,0.008294953,-6.998675E-05,,,,,,100,-63.94745,-23.06132,,,,,,,,,,,,,,,,,,,,,44415872,0,,,,,,,,,,,,,,,,
Ch. 2 Output voltage exceeded compliance limit.,3705482245.59269,2.79924941062927,-0.0488442778587341,,,0.8295021,0.0002718032,-0.4834084,,,18.31055,0.98304,10,0,0.008295248,0.008294953,-6.998675E-05,,,,,,100,-63.94745,-23.06132,,,,,,,,,,,,,,,,,,,,,44415872,0,,,,,,,,,,,,,,,,
Ch. 2 Output voltage exceeded compliance limit.,3705482246.15787,2.79924941062927,-0.0488442778587341,,,0.8296607,0.0002867609,-0.4807559,,,18.31055,0.98304,10,0,0.008296831,0.008296538,-6.961601E-05,,,,,,100,-62.83474,-23.05999,,,,,,,,,,,,,,,,,,,,,44415872,0,,,,,,,,,,,,,,,,
Ch. 2 Output voltage exceeded compliance limit.,3705482339.80804,3.00048804283142,-0.0488442778587341,,,0.8275732,0.000726621,-0.4427156,,,18.31055,0.98304,10,0,0.00827591,0.008275663,-6.394604E-05,,,,,,100,-65.81264,-23.09775,,,,,,,,,,,,,,,,,,,,,44415872,0,,,,,,,,,,,,,,,,
Ch. 2 Output voltage exceeded compliance limit.,3705482341.52803,3.00031495094299,-0.0244221389293671,,,0.82766,0.00061313,-0.4503753,,,18.31055,0.98304,10,0,0.008276789,0.008276532,-6.505928E-05,,,,,,100,-68.36541,-23.08471,,,,,,,,,,,,,,,,,,,,,44415872,0,,,,,,,,,,,,,,,,
Ch. 2 Output voltage exceeded compliance limit.,3705482343.19936,3.00017929077148,-0.0366332083940506,,,0.8277431,0.0006788506,-0.445797,,,18.31055,0.98304,10,0,0.008277614,0.008277363,-6.440435E-05,,,,,,100,-68.73698,-23.08442,,,,,,,,,,,,,,,,,,,,,44415872,0,,,,,,,,,,,,,,,,
Ch. 2 Output voltage exceeded compliance limit.,3705482426.87647,3.20025753974915,0.0488442778587341,,,0.825255,0.0003860896,-0.4321291,,,18.31055,0.98304,10,0,0.008252717,0.008252482,-6.224203E-05,,,,,,100,-64.96465,-23.10155,,,,,,,,,,,,,,,,,,,,,44415872,0,,,,,,,,,,,,,,,,
Ch. 2 Output voltage exceeded compliance limit.,3705482441.27751,3.2003059387207,0.0244221389293671,,,0.8254863,0.0002837326,-0.4326466,,,18.31055,0.98304,10,0,0.008255031,0.008254795,-6.233403E-05,,,,,,100,-63.41592,-23.0834,,,,,,,,,,,,,,,,,,,,,44415872,0,,,,,,,,,,,,,,,,
Ch. 2 Output voltage exceeded compliance limit.,3705482442.96744,3.19928169250488,0.0366332083940506,,,0.8255126,0.0002891691,-0.4341396,,,18.31055,0.98304,10,0,0.008255295,0.008255058,-6.255114E-05,,,,,,100,-61.80573,-23.08304,,,,,,,,,,,,,,,,,,,,,44415872,0,,,,,,,,,,,,,,,,
Ch. 2 Output voltage exceeded compliance limit.,3705482526.53595,3.39971971511841,0.20758818089962,,,0.8215511,0.0001217722,-0.4141387,,,18.31055,0.98304,10,0,0.008215658,0.008215444,-5.938296E-05,,,,,,100,-62.9929,-23.1521,,,,,,,,,,,,,,,,,,,,,44415872,0,,,,,,,,,,,,,,,,
Ch. 2 Output voltage exceeded compliance limit.,3705482527.24032,3.39945483207703,0.134321764111519,,,0.8215511,0.0001217722,-0.4141387,,,18.31055,0.98304,10,0,0.008215658,0.008215444,-5.938296E-05,,,,,,100,-62.9929,-23.1521,,,,,,,,,,,,,,,,,,,,,44415872,0,,,,,,,,,,,,,,,,
Ch. 2 Output voltage exceeded compliance limit.,3705482527.95202,3.39927554130554,0.170954972505569,,,0.8214538,0.0001220854,-0.4158972,,,18.31055,0.98304,10,0,0.008214686,0.00821447,-5.962804E-05,,,,,,100,-62.25117,-23.15347,,,,,,,,,,,,,,,,,,,,,44415872,0,,,,,,,,,,,,,,,,
Ch. 2 Output voltage exceeded compliance limit.,3705482621.13645,3.60008358955383,0.183166027069092,,,0.8184621,0.0001565726,-0.3812309,,,18.31055,0.98304,10,0,0.008184736,0.008184554,-5.445866E-05,,,,,,100,-62.25397,-23.17984,,,,,,,,,,,,,,,,,,,,,44415872,0,,,,,,,,,,,,,,,,
Ch. 2 Output voltage exceeded compliance limit.,3705482622.83645,3.600745677948,0.183166027069092,,,0.8184491,0.0002261551,-0.3814009,,,18.31055,0.98304,10,0,0.008184605,0.008184424,-5.448207E-05,,,,,,100,-62.41551,-23.17471,,,,,,,,,,,,,,,,,,,,,44415872,0,,,,,,,,,,,,,,,,
Ch. 2 Output voltage exceeded compliance limit.,3705482624.60664,3.60031461715698,0.146532833576202,,,0.8186504,0.0002033032,-0.3835407,,,18.31055,0.98304,10,0,0.008186621,0.008186437,-5.480123E-05,,,,,,100,-61.76569,-23.16926,,,,,,,,,,,,,,,,,,,,,44415872,0,,,,,,,,,,,,,,,,
Ch. 2 Output voltage exceeded compliance limit.,3705482708.83002,3.8007709980011,0.109899625182152,,,0.8151828,0.0001043731,-0.3586373,,,18.31055,0.98304,10,0,0.008151921,0.008151761,-5.102582E-05,,,,,,100,-64.7394,-23.19859,,,,,,,,,,,,,,,,,,,,,44415872,0,,,,,,,,,,,,,,,,
Ch. 2 Output voltage exceeded compliance limit.,3705482721.55598,3.80034136772156,0.122110687196255,,,0.8150387,0.0001843915,-0.3567643,,,18.31055,0.98304,10,0,0.008150479,0.008150321,-5.075036E-05,,,,,,100,-65.9515,-23.20308,,,,,,,,,,,,,,,,,,,,,44415872,0,,,,,,,,,,,,,,,,
Ch. 2 Output voltage exceeded compliance limit.,3705482723.43595,3.80011796951294,0.122110687196255,,,0.8152815,0.0001105196,-0.3616452,,,18.31055,0.98304,10,0,0.00815291,0.008152748,-5.146001E-05,,,,,,100,-63.95436,-23.18131,,,,,,,,,,,,,,,,,,,,,44415872,0,,,,,,,,,,,,,,,,
Ch. 2 Output voltage exceeded compliance limit.,3705482806.94989,4.00014448165894,0.146532833576202,,,0.8102177,0.000382522,-0.3238063,,,18.31055,0.98304,10,0,0.00810224,0.008102111,-4.578945E-05,,,,,,100,-61.41621,-23.26584,,,,,,,,,,,,,,,,,,,,,44415872,0,,,,,,,,,,,,,,,,
Ch. 2 Output voltage exceeded compliance limit.,3705482807.86316,3.99963355064392,0.146532833576202,,,0.8103086,0.0003689777,-0.3263691,,,18.31055,0.98304,10,0,0.008103151,0.00810302,-4.615705E-05,,,,,,100,-62.0161,-23.25807,,,,,,,,,,,,,,,,,,,,,44415872,0,,,,,,,,,,,,,,,,
Ch. 2 Output voltage exceeded compliance limit.,3705482808.52659,3.99985074996948,0.146532833576202,,,0.8103086,0.0003689777,-0.3263691,,,18.31055,0.98304,10,0,0.008103151,0.00810302,-4.615705E-05,,,,,,100,-62.0161,-23.25807,,,,,,,,,,,,,,,,,,,,,44415872,0,,,,,,,,,,,,,,,,
Ch. 2 Output voltage exceeded compliance limit.,3705482904.30507,4.19986152648926,0.134321764111519,,,0.805469,0.001001455,-0.2952166,,,18.31055,0.98304,10,0,0.00805473,0.008054623,-4.150183E-05,,,,,,100,-62.91938,-23.28058,,,,,,,,,,,,,,,,,,,,,44415872,0,,,,,,,,,,,,,,,,
Ch. 2 Output voltage exceeded compliance limit.,3705482906.02502,4.19964265823364,0.146532833576202,,,0.8055403,0.0006548298,-0.2959184,,,18.31055,0.98304,10,0,0.008055444,0.008055337,-4.160417E-05,,,,,,100,-64.43853,-23.27132,,,,,,,,,,,,,,,,,,,,,44415872,0,,,,,,,,,,,,,,,,
Ch. 2 Output voltage exceeded compliance limit.,3705482907.87503,4.19872188568115,0.109899625182152,,,0.8053245,0.001009446,-0.2943689,,,18.31055,0.98304,10,0,0.008053285,0.008053179,-4.137523E-05,,,,,,100,-62.76163,-23.29216,,,,,,,,,,,,,,,,,,,,,44415872,0,,,,,,,,,,,,,,,,
Ch. 2 Output voltage exceeded compliance limit.,3705483003.59529,4.39929580688477,0.122110687196255,,,0.800113,0.0001380603,-0.2643518,,,18.31055,0.98304,10,0,0.008001149,0.008001064,-3.691564E-05,,,,,,100,-64.20068,-23.33722,,,,,,,,,,,,,,,,,,,,,44415872,0,,,,,,,,,,,,,,,,
Ch. 2 Output voltage exceeded compliance limit.,3705483005.39441,4.40064382553101,0.0976885557174683,,,0.8001057,0.0001316991,-0.2625532,,,18.31055,0.98304,10,0,0.008001075,0.008000991,-3.666414E-05,,,,,,100,-64.93798,-23.33594,,,,,,,,,,,,,,,,,,,,,44415872,0,,,,,,,,,,,,,,,,
Ch. 2 Output voltage exceeded compliance limit.,3705483007.20452,4.39999103546143,0.0854774862527847,,,0.8000881,8.664428E-05,-0.2626606,,,18.31055,0.98304,10,0,0.008000899,0.008000815,-3.667833E-05,,,,,,100,-64.54109,-23.33651,,,,,,,,,,,,,,,,,,,,,44415872,0,,,,,,,,,,,,,,,,
Ch. 2 Output voltage exceeded compliance limit.,3705483091.224,4.60065889358521,0.134321764111519,,,0.7937081,9.517692E-05,-0.2279625,,,18.31055,0.98304,10,0,0.007937078,0.007937016,-3.157914E-05,,,,,,100,-66.14557,-23.44897,,,,,,,,,,,,,,,,,,,,,44415872,0,,,,,,,,,,,,,,,,
Ch. 2 Output voltage exceeded compliance limit.,3705483091.93128,4.60057163238525,0.122110687196255,,,0.7937081,9.517692E-05,-0.2279625,,,18.31055,0.98304,10,0,0.007937078,0.007937016,-3.157914E-05,,,,,,100,-66.14557,-23.44897,,,,,,,,,,,,,,,,,,,,,44415872,0,,,,,,,,,,,,,,,,
Ch. 2 Output voltage exceeded compliance limit.,3705483092.58798,4.59995746612549,0.146532833576202,,,0.7937439,0.0001280122,-0.2294509,,,18.31055,0.98304,10,0,0.007937437,0.007937374,-3.178675E-05,,,,,,100,-65.92685,-23.45373,,,,,,,,,,,,,,,,,,,,,44415872,0,,,,,,,,,,,,,,,,
Ch. 2 Output voltage exceeded compliance limit.,3705483185.57438,4.80013847351074,0.122110687196255,,,0.7879782,0.0006019544,-0.204958,,,18.31055,0.98304,10,0,0.007879768,0.007879717,-2.818738E-05,,,,,,100,-69.96141,-23.51853,,,,,,,,,,,,,,,,,,,,,44415872,0,,,,,,,,,,,,,,,,
Ch. 2 Output voltage exceeded compliance limit.,3705483187.30348,4.80086374282837,0.146532833576202,,,0.7878833,0.0003793325,-0.2059166,,,18.31055,0.98304,10,0,0.007878819,0.007878768,-2.831581E-05,,,,,,100,-67.90232,-23.52904,,,,,,,,,,,,,,,,,,,,,44415872,0,,,,,,,,,,,,,,,,
Ch. 2 Output voltage exceeded compliance limit.,3705483189.18354,4.80135869979858,0.146532833576202,,,0.7878586,0.0003617232,-0.2046167,,,18.31055,0.98304,10,0,0.007878572,0.007878521,-2.813617E-05,,,,,,100,-67.5584,-23.52567,,,,,,,,,,,,,,,,,,,,,44415872,0,,,,,,,,,,,,,,,,
Ch. 2 Output voltage exceeded compliance limit.,3705483272.95212,5.0008602142334,0.146532833576202,,,0.7815338,0.0001206318,-0.1749508,,,18.31055,0.98304,10,0,0.007815311,0.007815274,-2.386375E-05,,,,,,100,-69.58617,-23.62892,,,,,,,,,,,,,,,,,,,,,44415872,0,,,,,,,,,,,,,,,,
Ch. 2 Output voltage exceeded compliance limit.,3705483287.77309,5.00074195861816,0.146532833576202,,,0.7813883,0.0001123793,-0.17783,,,18.31055,0.98304,10,0,0.007813856,0.007813819,-2.425198E-05,,,,,,100,-70.62051,-23.6426,,,,,,,,,,,,,,,,,,,,,44415872,0,,,,,,,,,,,,,,,,
Ch. 2 Output voltage exceeded compliance limit.,3705483289.48306,5.00055027008057,0.170954972505569,,,0.7813851,7.353423E-05,-0.1751379,,,18.31055,0.98304,10,0,0.007813822,0.007813786,-2.388473E-05,,,,,,100,-71.30228,-23.63908,,,,,,,,,,,,,,,,,,,,,44415872,0,,,,,,,,,,,,,,,,
Ch. 2 Output voltage exceeded compliance limit.,3705483373.7115,5.20072793960571,0.146532833576202,,,0.7753298,0.000100083,-0.1537063,,,18.31055,0.98304,10,0,0.007753262,0.007753234,-2.079951E-05,,,,,,100,-67.48472,-23.75557,,,,,,,,,,,,,,,,,,,,,44415872,0,,,,,,,,,,,,,,,,
Ch. 2 Output voltage exceeded compliance limit.,3705483374.58362,5.20071029663086,0.170954972505569,,,0.7754741,9.957277E-05,-0.1552797,,,18.31055,0.98304,10,0,0.007754705,0.007754677,-2.101633E-05,,,,,,100,-67.2311,-23.74512,,,,,,,,,,,,,,,,,,,,,44415872,0,,,,,,,,,,,,,,,,
Ch. 2 Output voltage exceeded compliance limit.,3705483375.3353,5.20013952255249,0.183166027069092,,,0.7754741,9.957277E-05,-0.1552797,,,18.31055,0.98304,10,0,0.007754705,0.007754677,-2.101633E-05,,,,,,100,-67.2311,-23.74512,,,,,,,,,,,,,,,,,,,,,44415872,0,,,,,,,,,,,,,,,,
Ch. 2 Output voltage exceeded compliance limit.,3705483459.3212,5.40070962905884,0.158743903040886,,,0.7693787,0.0001154925,-0.12763,,,18.31055,0.98304,10,0,0.007693743,0.007693724,-1.713829E-05,,,,,,100,-68.79169,-23.87174,,,,,,,,,,,,,,,,,,,,,44415872,0,,,,,,,,,,,,,,,,
Ch. 2 Output voltage exceeded compliance limit.,3705483472.21209,5.39954328536987,0.170954972505569,,,0.7696544,7.50165E-05,-0.1319374,,,18.31055,0.98304,10,0,0.007696501,0.007696481,-1.772304E-05,,,,,,100,-67.2994,-23.87192,,,,,,,,,,,,,,,,,,,,,44415872,0,,,,,,,,,,,,,,,,
Ch. 2 Output voltage exceeded compliance limit.,3705483474.01207,5.39949655532837,0.170954972505569,,,0.7697628,0.000526788,-0.1313306,,,18.31055,0.98304,10,0,0.007697585,0.007697565,-1.764402E-05,,,,,,100,-67.7214,-23.86108,,,,,,,,,,,,,,,,,,,,,44415872,0,,,,,,,,,,,,,,,,
Ch. 2 Output voltage exceeded compliance limit.,3705483557.42066,5.60017061233521,0.146532833576202,,,0.7638056,8.847156E-05,-0.1109454,,,18.31055,0.98304,10,0,0.007638008,0.007637993,-1.478994E-05,,,,,,100,-69.31982,-23.97786,,,,,,,,,,,,,,,,,,,,,44415872,0,,,,,,,,,,,,,,,,
Ch. 2 Output voltage exceeded compliance limit.,3705483558.11672,5.60040855407715,0.0976885557174683,,,0.7638056,8.847156E-05,-0.1109454,,,18.31055,0.98304,10,0,0.007638008,0.007637993,-1.478994E-05,,,,,,100,-69.31982,-23.97786,,,,,,,,,,,,,,,,,,,,,44415872,0,,,,,,,,,,,,,,,,
Ch. 2 Output voltage exceeded compliance limit.,3705483572.8618,5.59912300109863,0.134321764111519,,,0.7637634,6.954766E-05,-0.111481,,,18.31055,0.98304,10,0,0.007637586,0.007637571,-1.486052E-05,,,,,,100,-70.04123,-23.96879,,,,,,,,,,,,,,,,,,,,,44415872,0,,,,,,,,,,,,,,,,
Ch. 2 Output voltage exceeded compliance limit.,3705483657.87363,5.80056381225586,0.134321764111519,,,0.7583208,7.477363E-05,-0.09120097,,,18.31055,0.98304,10,0,0.007583155,0.007583146,-1.207054E-05,,,,,,100,-66.18274,-24.11569,,,,,,,,,,,,,,,,,,,,,44415872,0,,,,,,,,,,,,,,,,
Ch. 2 Output voltage exceeded compliance limit.,3705483658.72229,5.80042791366577,0.170954972505569,,,0.7582963,6.990429E-05,-0.0929532,,,18.31055,0.98304,10,0,0.00758291,0.007582901,-1.230205E-05,,,,,,100,-66.10811,-24.11471,,,,,,,,,,,,,,,,,,,,,44415872,0,,,,,,,,,,,,,,,,
Ch. 2 Output voltage exceeded compliance limit.,3705483659.40407,5.80086994171143,0.158743903040886,,,0.7582464,0.0008814644,-0.0919695,,,18.31055,0.98304,10,0,0.007582411,0.007582401,-1.217106E-05,,,,,,100,-66.075,-24.1134,,,,,,,,,,,,,,,,,,,,,44415872,0,,,,,,,,,,,,,,,,
Ch. 2 Output voltage exceeded compliance limit.,3705483743.57959,6.00219964981079,0.170954972505569,,,0.7529359,9.488891E-05,-0.07266048,,,18.31055,0.98304,10,0,0.007529304,0.007529298,-9.548395E-06,,,,,,100,-68.20365,-24.24189,,,,,,,,,,,,,,,,,,,,,44415872,0,,,,,,,,,,,,,,,,
Ch. 2 Output voltage exceeded compliance limit.,3705483756.1907,6.00056123733521,0.122110687196255,,,0.7530407,7.076748E-05,-0.07819857,,,18.31055,0.98304,10,0,0.007530353,0.007530346,-1.027759E-05,,,,,,100,-66.73094,-24.24024,,,,,,,,,,,,,,,,,,,,,44415872,0,,,,,,,,,,,,,,,,
Ch. 2 Output voltage exceeded compliance limit.,3705483758.09088,6.00086832046509,0.170954972505569,,,0.7530648,5.19483E-05,-0.07791717,,,18.31055,0.98304,10,0,0.007530592,0.007530585,-1.024093E-05,,,,,,100,-67.65533,-24.23957,,,,,,,,,,,,,,,,,,,,,44415872,0,,,,,,,,,,,,,,,,
Ch. 2 Output voltage exceeded compliance limit.,3705483841.80907,6.20065689086914,0.146532833576202,,,0.7479753,0.0005360857,-0.05796567,,,18.31055,0.98304,10,0,0.007479695,0.007479691,-7.567144E-06,,,,,,100,-68.05574,-24.39493,,,,,,,,,,,,,,,,,,,,,44415872,0,,,,,,,,,,,,,,,,
Ch. 2 Output voltage exceeded compliance limit.,3705483842.56584,6.20099496841431,0.122110687196255,,,0.7479753,0.0005360857,-0.05796567,,,18.31055,0.98304,10,0,0.007479695,0.007479691,-7.567144E-06,,,,,,100,-68.05574,-24.39493,,,,,,,,,,,,,,,,,,,,,44415872,0,,,,,,,,,,,,,,,,
Ch. 2 Output voltage exceeded compliance limit.,3705483843.19183,6.20103931427002,0.122110687196255,,,0.7480024,0.0008183268,-0.05668988,,,18.31055,0.98304,10,0,0.007479966,0.007479962,-7.400865E-06,,,,,,100,-68.00759,-24.39569,,,,,,,,,,,,,,,,,,,,,44415872,0,,,,,,,,,,,,,,,,
Ch. 2 Output voltage exceeded compliance limit.,3705483938.48975,6.39888620376587,0.183166027069092,,,0.7436462,4.113933E-05,-0.04643833,,,18.31055,0.98304,10,0,0.007436404,0.007436401,-6.027217E-06,,,,,,100,-70.49048,-24.53932,,,,,,,,,,,,,,,,,,,,,44415872,0,,,,,,,,,,,,,,,,
Ch. 2 Output voltage exceeded compliance limit.,3705483940.19961,6.40019226074219,0.134321764111519,,,0.7436842,3.341293E-05,-0.04530638,,,18.31055,0.98304,10,0,0.007436784,0.007436781,-5.880603E-06,,,,,,100,-71.23483,-24.53862,,,,,,,,,,,,,,,,,,,,,44415872,0,,,,,,,,,,,,,,,,
Ch. 2 Output voltage exceeded compliance limit.,3705483941.96177,6.40023851394653,0.146532833576202,,,0.7435796,3.150136E-05,-0.04693482,,,18.31055,0.98304,10,0,0.007435738,0.007435735,-6.091112E-06,,,,,,100,-70.15024,-24.53925,,,,,,,,,,,,,,,,,,,,,44415872,0,,,,,,,,,,,,,,,,
Ch. 2 Output voltage exceeded compliance limit.,3705484026.27976,6.6007285118103,0.134321764111519,,,0.7398229,0.0006997078,-0.03545746,,,18.31055,0.98304,10,0,0.007398169,0.007398168,-4.578353E-06,,,,,,100,-79.90073,-24.70315,,,,,,,,,,,,,,,,,,,,,44415872,0,,,,,,,,,,,,,,,,
Ch. 2 Output voltage exceeded compliance limit.,3705484026.98592,6.60103940963745,0.122110687196255,,,0.7398229,0.0006997078,-0.03545746,,,18.31055,0.98304,10,0,0.007398169,0.007398168,-4.578353E-06,,,,,,100,-79.90073,-24.70315,,,,,,,,,,,,,,,,,,,,,44415872,0,,,,,,,,,,,,,,,,
Ch. 2 Output voltage exceeded compliance limit.,3705484027.78538,6.60086584091187,0.134321764111519,,,0.7398131,0.0006957899,-0.03489314,,,18.31055,0.98304,10,0,0.007398071,0.00739807,-4.505427E-06,,,,,,100,-79.93504,-24.70516,,,,,,,,,,,,,,,,,,,,,44415872,0,,,,,,,,,,,,,,,,
Ch. 2 Output voltage exceeded compliance limit.,3705484112.83785,6.80109119415283,0.219799250364304,,,0.7360843,5.270589E-05,-0.02826321,,,18.31055,0.98304,10,0,0.007360783,0.007360782,-3.630973E-06,,,,,,100,-73.33884,-24.90031,,,,,,,,,,,,,,,,,,,,,44415872,0,,,,,,,,,,,,,,,,
Ch. 2 Output voltage exceeded compliance limit.,3705484124.73874,6.80016708374023,0.232010304927826,,,0.7360231,3.987604E-05,-0.02827329,,,18.31055,0.98304,10,0,0.007360172,0.007360171,-3.631965E-06,,,,,,100,-73.73784,-24.89572,,,,,,,,,,,,,,,,,,,,,44415872,0,,,,,,,,,,,,,,,,
Ch. 2 Output voltage exceeded compliance limit.,3705484126.44863,6.79991340637207,0.195377111434937,,,0.7360357,4.838282E-05,-0.02817218,,,18.31055,0.98304,10,0,0.007360297,0.007360296,-3.619039E-06,,,,,,100,-73.18732,-24.89586,,,,,,,,,,,,,,,,,,,,,44415872,0,,,,,,,,,,,,,,,,
Ch. 2 Output voltage exceeded compliance limit.,3705484212.23768,7.00275373458862,0.256432443857193,,,0.7332468,2.781736E-05,-0.02298542,,,18.31055,0.98304,10,0,0.007332408,0.007332408,-2.941552E-06,,,,,,100,-71.62789,-25.09631,,,,,,,,,,,,,,,,,,,,,44415872,0,,,,,,,,,,,,,,,,
Ch. 2 Output voltage exceeded compliance limit.,3705484213.03591,7.00228977203369,0.244221374392509,,,0.733268,3.649514E-05,-0.02440197,,,18.31055,0.98304,10,0,0.00733262,0.007332619,-3.122924E-06,,,,,,100,-71.29523,-25.09801,,,,,,,,,,,,,,,,,,,,,44415872,0,,,,,,,,,,,,,,,,
Ch. 2 Output voltage exceeded compliance limit.,3705484213.78845,7.00200176239014,0.20758818089962,,,0.7332384,2.866921E-05,-0.02462297,,,18.31055,0.98304,10,0,0.007332324,0.007332324,-3.151081E-06,,,,,,100,-71.18424,-25.09693,,,,,,,,,,,,,,,,,,,,,44415872,0,,,,,,,,,,,,,,,,
Ch. 2 Output voltage exceeded compliance limit.,3705484308.84782,7.19976949691772,0.219799250364304,,,0.7312295,2.721726E-05,-0.01731688,,,18.31055,0.98304,10,0,0.007312235,0.007312235,-2.210025E-06,,,,,,100,-72.05891,-25.27812,,,,,,,,,,,,,,,,,,,,,44415872,0,,,,,,,,,,,,,,,,
Ch. 2 Output voltage exceeded compliance limit.,3705484310.43771,7.19929981231689,0.219799250364304,,,0.7312801,2.514766E-05,-0.01610705,,,18.31055,0.98304,10,0,0.007312741,0.007312741,-2.055766E-06,,,,,,100,-71.98817,-25.27866,,,,,,,,,,,,,,,,,,,,,44415872,0,,,,,,,,,,,,,,,,
Ch. 2 Output voltage exceeded compliance limit.,3705484312.33775,7.19978046417236,0.20758818089962,,,0.7312371,4.674414E-05,-0.01772638,,,18.31055,0.98304,10,0,0.007312311,0.007312311,-2.26231E-06,,,,,,100,-72.13967,-25.27541,,,,,,,,,,,,,,,,,,,,,44415872,0,,,,,,,,,,,,,,,,
Ch. 2 Output voltage exceeded compliance limit.,3705484397.17624,7.40171241760254,0.280854612588882,,,0.729919,3.299343E-05,-0.01686111,,,18.31055,0.98304,10,0,0.007299131,0.00729913,-2.148001E-06,,,,,,100,-71.61314,-25.48616,,,,,,,,,,,,,,,,,,,,,44415872,0,,,,,,,,,,,,,,,,
Ch. 2 Output voltage exceeded compliance limit.,3705484397.97519,7.40171241760254,0.280854612588882,,,0.7299131,4.380757E-05,-0.01717664,,,18.31055,0.98304,10,0,0.007299071,0.007299071,-2.188181E-06,,,,,,100,-71.66571,-25.48572,,,,,,,,,,,,,,,,,,,,,44415872,0,,,,,,,,,,,,,,,,
Ch. 2 Output voltage exceeded compliance limit.,3705484398.74955,7.40160226821899,0.305276721715927,,,0.7299131,4.380757E-05,-0.01717664,,,18.31055,0.98304,10,0,0.007299071,0.007299071,-2.188181E-06,,,,,,100,-71.66571,-25.48572,,,,,,,,,,,,,,,,,,,,,44415872,0,,,,,,,,,,,,,,,,
Ch. 2 Output voltage exceeded compliance limit.,3705484498.10693,7.60171842575073,0.183166027069092,,,0.7301193,2.834223E-05,-0.01612811,,,18.31055,0.98304,10,0,0.007301134,0.007301134,-2.055186E-06,,,,,,100,-81.83257,-25.67599,,,,,,,,,,,,,,,,,,,,,44415872,0,,,,,,,,,,,,,,,,
Ch. 2 Output voltage exceeded compliance limit.,3705484500.01675,7.60087966918945,0.146532833576202,,,0.7300705,2.11591E-05,-0.01551952,,,18.31055,0.98304,10,0,0.007300646,0.007300646,-1.977502E-06,,,,,,100,-83.62555,-25.6784,,,,,,,,,,,,,,,,,,,,,44415872,0,,,,,,,,,,,,,,,,
Ch. 2 Output voltage exceeded compliance limit.,3705484501.75672,7.59996223449707,0.134321764111519,,,0.7301049,2.858069E-05,-0.01567506,,,18.31055,0.98304,10,0,0.007300989,0.007300989,-1.997415E-06,,,,,,100,-81.85507,-25.67564,,,,,,,,,,,,,,,,,,,,,44415872,0,,,,,,,,,,,,,,,,
Ch. 2 Output voltage exceeded compliance limit.,3705484587.75537,7.80096006393433,0.195377111434937,,,0.730316,4.701534E-05,-0.0173541,,,18.31055,0.98304,10,0,0.007303101,0.0073031,-2.212009E-06,,,,,,100,-83.43879,-25.90701,,,,,,,,,,,,,,,,,,,,,44415872,0,,,,,,,,,,,,,,,,
Ch. 2 Output voltage exceeded compliance limit.,3705484588.46273,7.80069446563721,0.183166027069092,,,0.730316,4.701534E-05,-0.0173541,,,18.31055,0.98304,10,0,0.007303101,0.0073031,-2.212009E-06,,,,,,100,-83.43879,-25.90701,,,,,,,,,,,,,,,,,,,,,44415872,0,,,,,,,,,,,,,,,,
Ch. 2 Output voltage exceeded compliance limit.,3705484589.14287,7.79979181289673,0.170954972505569,,,0.7303339,3.122448E-05,-0.0169082,,,18.31055,0.98304,10,0,0.00730328,0.007303279,-2.155226E-06,,,,,,100,-88.80585,-25.90555,,,,,,,,,,,,,,,,,,,,,44415872,0,,,,,,,,,,,,,,,,
Ch. 2 Output voltage exceeded compliance limit.,3705484673.95484,8.00105571746826,0.170954972505569,,,0.7317926,2.387369E-05,-0.01443602,,,18.31055,0.98304,10,0,0.007317866,0.007317866,-1.843781E-06,,,,,,100,-100.4781,-26.13612,,,,,,,,,,,,,,,,,,,,,44415872,0,,,,,,,,,,,,,,,,
Ch. 2 Output voltage exceeded compliance limit.,3705484674.77746,8.00063514709473,0.170954972505569,,,0.7317926,3.408182E-05,-0.01520844,,,18.31055,0.98304,10,0,0.007317866,0.007317865,-1.942435E-06,,,,,,100,-87.17317,-26.1422,,,,,,,,,,,,,,,,,,,,,44415872,0,,,,,,,,,,,,,,,,
Ch. 2 Output voltage exceeded compliance limit.,3705484675.52921,8.00022220611572,0.158743903040886,,,0.7317255,5.267188E-05,-0.01562005,,,18.31055,0.98304,10,0,0.007317195,0.007317195,-1.994823E-06,,,,,,100,-85.45638,-26.13763,,,,,,,,,,,,,,,,,,,,,44415872,0,,,,,,,,,,,,,,,,
Ch. 2 Output voltage exceeded compliance limit.,3705484772.97545,8.19938850402832,0.256432443857193,,,0.7340103,1.820802E-05,-0.01356849,,,18.31055,0.98304,10,0,0.007340042,0.007340042,-1.738231E-06,,,,,,100,-88.15788,-26.36456,,,,,,,,,,,,,,,,,,,,,44415872,0,,,,,,,,,,,,,,,,
Ch. 2 Output voltage exceeded compliance limit.,3705484774.78528,8.19993877410889,0.293065667152405,,,0.7340025,2.49021E-05,-0.01399722,,,18.31055,0.98304,10,0,0.007339964,0.007339964,-1.793135E-06,,,,,,100,-90.87872,-26.36491,,,,,,,,,,,,,,,,,,,,,44415872,0,,,,,,,,,,,,,,,,
Ch. 2 Output voltage exceeded compliance limit.,3705484776.7256,8.19995784759521,0.280854612588882,,,0.7340317,2.038443E-05,-0.01490763,,,18.31055,0.98304,10,0,0.007340258,0.007340257,-1.909841E-06,,,,,,100,-92.87637,-26.3651,,,,,,,,,,,,,,,,,,,,,44415872,0,,,,,,,,,,,,,,,,
Ch. 2 Output voltage exceeded compliance limit.,3705484862.92425,8.40106773376465,0.256432443857193,,,0.7376841,2.853048E-05,-0.01354173,,,18.31055,0.98304,10,0,0.00737678,0.00737678,-1.743485E-06,,,,,,100,-88.04942,-26.58731,,,,,,,,,,,,,,,,,,,,,44415872,0,,,,,,,,,,,,,,,,
Ch. 2 Output voltage exceeded compliance limit.,3705484863.87747,8.40083789825439,0.280854612588882,,,0.7376819,2.129024E-05,-0.01378154,,,18.31055,0.98304,10,0,0.007376758,0.007376758,-1.774355E-06,,,,,,100,-87.54623,-26.587,,,,,,,,,,,,,,,,,,,,,44415872,0,,,,,,,,,,,,,,,,
Ch. 2 Output voltage exceeded compliance limit.,3705484864.65772,8.40088367462158,0.244221374392509,,,0.7376819,2.129024E-05,-0.01378154,,,18.31055,0.98304,10,0,0.007376758,0.007376758,-1.774355E-06,,,,,,100,-87.54623,-26.587,,,,,,,,,,,,,,,,,,,,,44415872,0,,,,,,,,,,,,,,,,
Ch. 2 Output voltage exceeded compliance limit.,3705484950.21341,8.60085678100586,0.268643528223038,,,0.742236,2.180364E-05,-0.01509357,,,18.31055,0.98304,10,0,0.007422299,0.007422299,-1.955275E-06,,,,,,100,-75.44039,-26.80914,,,,,,,,,,,,,,,,,,,,,44415872,0,,,,,,,,,,,,,,,,
Ch. 2 Output voltage exceeded compliance limit.,3705484951.01256,8.60100555419922,0.244221374392509,,,0.742236,2.180364E-05,-0.01509357,,,18.31055,0.98304,10,0,0.007422299,0.007422299,-1.955275E-06,,,,,,100,-75.44039,-26.80914,,,,,,,,,,,,,,,,,,,,,44415872,0,,,,,,,,,,,,,,,,
Ch. 2 Output voltage exceeded compliance limit.,3705484966.28424,8.60198211669922,0.244221374392509,,,0.742259,1.753272E-05,-0.01420182,,,18.31055,0.98304,10,0,0.007422529,0.007422529,-1.839812E-06,,,,,,100,-77.65853,-26.81175,,,,,,,,,,,,,,,,,,,,,44415872,0,,,,,,,,,,,,,,,,
Ch. 2 Output voltage exceeded compliance limit.,3705485051.97738,8.80248355865479,0.280854612588882,,,0.7485117,1.967399E-05,-0.01103717,,,18.31055,0.98304,10,0,0.007485056,0.007485056,-1.441883E-06,,,,,,100,-79.44027,-27.07548,,,,,,,,,,,,,,,,,,,,,44415872,0,,,,,,,,,,,,,,,,
Ch. 2 Output voltage exceeded compliance limit.,3705485052.95285,8.80226802825928,0.293065667152405,,,0.748539,2.132425E-05,-0.01611142,,,18.31055,0.98304,10,0,0.007485329,0.007485328,-2.104854E-06,,,,,,100,-89.75502,-27.07698,,,,,,,,,,,,,,,,,,,,,44415872,0,,,,,,,,,,,,,,,,
Ch. 2 Output voltage exceeded compliance limit.,3705485053.72557,8.80240821838379,0.293065667152405,,,0.7485672,1.846045E-05,-0.01547808,,,18.31055,0.98304,10,0,0.007485611,0.007485611,-2.022189E-06,,,,,,100,-85.33781,-27.07814,,,,,,,,,,,,,,,,,,,,,44415872,0,,,,,,,,,,,,,,,,
Ch. 2 Output voltage exceeded compliance limit.,3705485139.54245,9.00153350830078,0.158743903040886,,,0.7565262,1.460534E-05,-0.01620916,,,18.31055,0.98304,10,0,0.007565201,0.0075652,-2.14022E-06,,,,,,100,-78.89854,-27.34701,,,,,,,,,,,,,,,,,,,,,44415872,0,,,,,,,,,,,,,,,,
Ch. 2 Output voltage exceeded compliance limit.,3705485140.24945,9.00190544128418,0.146532833576202,,,0.7565262,1.460534E-05,-0.01620916,,,18.31055,0.98304,10,0,0.007565201,0.0075652,-2.14022E-06,,,,,,100,-78.89854,-27.34701,,,,,,,,,,,,,,,,,,,,,44415872,0,,,,,,,,,,,,,,,,
Ch. 2 Output voltage exceeded compliance limit.,3705485141.01344,9.00120449066162,0.122110687196255,,,0.756542,2.084425E-05,-0.01525813,,,18.31055,0.98304,10,0,0.007565359,0.007565358,-2.01469E-06,,,,,,100,-77.34235,-27.34494,,,,,,,,,,,,,,,,,,,,,44415872,0,,,,,,,,,,,,,,,,
Ch. 2 Output voltage exceeded compliance limit.,3705485226.89188,9.20079612731934,0.146532833576202,,,0.7655377,2.021282E-05,-0.01693895,,,18.31055,0.98304,10,0,0.007655315,0.007655314,-2.26322E-06,,,,,,100,-82.0162,-27.6551,,,,,,,,,,,,,,,,,,,,,44415872,0,,,,,,,,,,,,,,,,
Ch. 2 Output voltage exceeded compliance limit.,3705485227.77051,9.20015048980713,0.158743903040886,,,0.7655906,1.621989E-05,-0.0170142,,,18.31055,0.98304,10,0,0.007655844,0.007655843,-2.273432E-06,,,,,,100,-83.16071,-27.65456,,,,,,,,,,,,,,,,,,,,,44415872,0,,,,,,,,,,,,,,,,
Ch. 2 Output voltage exceeded compliance limit.,3705485242.29287,9.20144271850586,0.183166027069092,,,0.7655529,1.825037E-05,-0.01668235,,,18.31055,0.98304,10,0,0.007655466,0.007655466,-2.228981E-06,,,,,,100,-81.88042,-27.6524,,,,,,,,,,,,,,,,,,,,,44415872,0,,,,,,,,,,,,,,,,
Ch. 2 Output voltage exceeded compliance limit.,3705485327.26235,9.40075588226318,0.0732664167881012,,,0.7769694,1.641709E-05,-0.01957266,,,18.31055,0.98304,10,0,0.00776963,0.00776963,-2.654163E-06,,,,,,100,-97.65804,-27.99729,,,,,,,,,,,,,,,,,,,,,44415872,0,,,,,,,,,,,,,,,,
Ch. 2 Output voltage exceeded compliance limit.,3705485328.06682,9.40035152435303,0.0732664167881012,,,0.7769791,1.505396E-05,-0.01912494,,,18.31055,0.98304,10,0,0.007769728,0.007769727,-2.593482E-06,,,,,,100,-99.5,-28.00021,,,,,,,,,,,,,,,,,,,,,44415872,0,,,,,,,,,,,,,,,,
Ch. 2 Output voltage exceeded compliance limit.,3705485328.99775,9.40000057220459,0.0610553435981274,,,0.7769791,1.505396E-05,-0.01912494,,,18.31055,0.98304,10,0,0.007769728,0.007769727,-2.593482E-06,,,,,,100,-99.5,-28.00021,,,,,,,,,,,,,,,,,,,,,44415872,0,,,,,,,,,,,,,,,,
Ch. 2 Output voltage exceeded compliance limit.,3705485415.44092,9.60123729705811,0.170954972505569,,,0.7906732,1.204854E-05,-0.02056178,,,18.31055,0.98304,10,0,0.007906668,0.007906667,-2.837471E-06,,,,,,100,-116.5055,-28.33411,,,,,,,,,,,,,,,,,,,,,44415872,0,,,,,,,,,,,,,,,,
Ch. 2 Output voltage exceeded compliance limit.,3705485416.2564,9.60109424591064,0.195377111434937,,,0.7906732,1.204854E-05,-0.02056178,,,18.31055,0.98304,10,0,0.007906668,0.007906667,-2.837471E-06,,,,,,100,-116.5055,-28.33411,,,,,,,,,,,,,,,,,,,,,44415872,0,,,,,,,,,,,,,,,,
Ch. 2 Output voltage exceeded compliance limit.,3705485417.17808,9.60073566436768,0.134321764111519,,,0.7906626,1.68243E-05,-0.0198988,,,18.31055,0.98304,10,0,0.007906563,0.007906562,-2.745946E-06,,,,,,100,-102.2378,-28.33657,,,,,,,,,,,,,,,,,,,,,44415872,0,,,,,,,,,,,,,,,,
Ch. 2 Output voltage exceeded compliance limit.,3705485502.77047,9.80140781402588,0.134321764111519,,,0.807399,1.496661E-05,-0.02256657,,,18.31055,0.98304,10,0,0.008073925,0.008073924,-3.180004E-06,,,,,,100,-97.08057,-28.68127,,,,,,,,,,,,,,,,,,,,,44415872,0,,,,,,,,,,,,,,,,
Ch. 2 Output voltage exceeded compliance limit.,3705485503.489,9.80152797698975,0.109899625182152,,,0.807399,1.496661E-05,-0.02256657,,,18.31055,0.98304,10,0,0.008073925,0.008073924,-3.180004E-06,,,,,,100,-97.08057,-28.68127,,,,,,,,,,,,,,,,,,,,,44415872,0,,,,,,,,,,,,,,,,
Ch. 2 Output voltage exceeded compliance limit.,3705485517.16157,9.79978466033936,0.0854774862527847,,,0.8072807,2.131121E-05,-0.02222911,,,18.31055,0.98304,10,0,0.008072741,0.00807274,-3.131991E-06,,,,,,100,-103.6809,-28.67779,,,,,,,,,,,,,,,,,,,,,44415872,0,,,,,,,,,,,,,,,,
Ch. 2 Output voltage exceeded compliance limit.,3705485594.16974,10.0011854171753,0,,,0.8277307,1.108963E-05,-0.02408178,,,18.31055,0.98304,10,0,0.008277239,0.008277238,-3.478975E-06,,,,,,100,-82.7412,-29.08038,,,,,,,,,,,,,,,,,,,,,44415872,0,,,,,,,,,,,,,,,,
Ch. 2 Output voltage exceeded compliance limit.,3705485594.99588,10.0011920928955,0,,,0.8277307,1.108963E-05,-0.02408178,,,18.31055,0.98304,10,0,0.008277239,0.008277238,-3.478975E-06,,,,,,100,-82.7412,-29.08038,,,,,,,,,,,,,,,,,,,,,44415872,0,,,,,,,,,,,,,,,,
Ch. 2 Output voltage exceeded compliance limit.,3705485608.16097,9.99979877471924,0.0244221389293671,,,0.8276552,1.782072E-05,-0.02411736,,,18.31055,0.98304,10,0,0.008276485,0.008276484,-3.483799E-06,,,,,,100,-82.45177,-29.08553,,,,,,,,,,,,,,,,,,,,,44415872,0,,,,,,,,,,,,,,,,
Ch. 2 Output voltage exceeded compliance limit.,3705485695.73249,10.199577331543,0.0488442778587341,,,0.8524132,1.560002E-05,-0.02688221,,,18.31055,0.98304,10,0,0.008524063,0.008524062,-3.999346E-06,,,,,,100,-89.11035,-29.56043,,,,,,,,,,,,,,,,,,,,,44415872,0,,,,,,,,,,,,,,,,
Ch. 2 Output voltage exceeded compliance limit.,3705485697.50037,10.1999444961548,0.0732664167881012,,,0.8524356,1.516731E-05,-0.02718585,,,18.31055,0.98304,10,0,0.008524287,0.008524287,-4.044627E-06,,,,,,100,-89.80996,-29.55983,,,,,,,,,,,,,,,,,,,,,44415872,0,,,,,,,,,,,,,,,,
Ch. 2 Output voltage exceeded compliance limit.,3705485699.20043,10.1997861862183,0.0854774862527847,,,0.8524503,1.745204E-05,-0.02707084,,,18.31055,0.98304,10,0,0.008524434,0.008524433,-4.027584E-06,,,,,,100,-89.54762,-29.56046,,,,,,,,,,,,,,,,,,,,,44415872,0,,,,,,,,,,,,,,,,
Ch. 2 Output voltage exceeded compliance limit.,3705485788.35008,10.4005002975464,0.0732664167881012,,,0.8837941,2.106462E-05,-0.03076432,,,18.31055,0.98304,10,0,0.008837869,0.008837868,-4.745394E-06,,,,,,100,-90.58877,-30.1792,,,,,,,,,,,,,,,,,,,,,44415872,0,,,,,,,,,,,,,,,,
Ch. 2 Output voltage exceeded compliance limit.,3705485790.18008,10.3997735977173,0.0732664167881012,,,0.8836523,2.410165E-05,-0.03086936,,,18.31055,0.98304,10,0,0.008836451,0.00883645,-4.760831E-06,,,,,,100,-93.2114,-30.17763,,,,,,,,,,,,,,,,,,,,,44415872,0,,,,,,,,,,,,,,,,
Ch. 2 Output voltage exceeded compliance limit.,3705485792.04477,10.4000291824341,0.0488442778587341,,,0.8835977,1.561434E-05,-0.03086374,,,18.31055,0.98304,10,0,0.008835905,0.008835904,-4.759672E-06,,,,,,100,-90.81696,-30.17698,,,,,,,,,,,,,,,,,,,,,44415872,0,,,,,,,,,,,,,,,,
Ch. 2 Output voltage exceeded compliance limit.,3705485880.67952,10.6006937026978,0.109899625182152,,,0.9242138,1.782729E-05,-0.03791923,,,18.31055,0.98304,10,0,0.009242063,0.009242062,-6.11654E-06,,,,,,100,-89.19106,-30.93877,,,,,,,,,,,,,,,,,,,,,44415872,0,,,,,,,,,,,,,,,,
Ch. 2 Output voltage exceeded compliance limit.,3705485882.58957,10.5998878479004,0.170954972505569,,,0.9241191,5.343019E-05,-0.0379376,,,18.31055,0.98304,10,0,0.009241117,0.009241115,-6.118877E-06,,,,,,100,-88.80922,-30.93634,,,,,,,,,,,,,,,,,,,,,44415872,0,,,,,,,,,,,,,,,,
Ch. 2 Output voltage exceeded compliance limit.,3705485884.22944,10.5998620986938,0.109899625182152,,,0.9239817,1.574295E-05,-0.03746921,,,18.31055,0.98304,10,0,0.009239743,0.009239741,-6.042432E-06,,,,,,100,-88.21003,-30.93494,,,,,,,,,,,,,,,,,,,,,44415872,0,,,,,,,,,,,,,,,,
Ch. 2 Output voltage exceeded compliance limit.,3705485968.7682,10.8010015487671,0.134321764111519,,,0.9802837,2.997294E-05,-0.04963722,,,18.31055,0.98304,10,0,0.009802761,0.009802757,-8.492453E-06,,,,,,100,-101.2645,-32.05593,,,,,,,,,,,,,,,,,,,,,44415872,0,,,,,,,,,,,,,,,,
Ch. 2 Output voltage exceeded compliance limit.,3705485969.57528,10.8011598587036,0.170954972505569,,,0.9802837,2.997294E-05,-0.04963722,,,18.31055,0.98304,10,0,0.009802761,0.009802757,-8.492453E-06,,,,,,100,-101.2645,-32.05593,,,,,,,,,,,,,,,,,,,,,44415872,0,,,,,,,,,,,,,,,,
Ch. 2 Output voltage exceeded compliance limit.,3705485970.40987,10.8011827468872,0.0976885557174683,,,0.9802235,2.291715E-05,-0.049539,,,18.31055,0.98304,10,0,0.009802158,0.009802154,-8.475127E-06,,,,,,100,-98.30367,-32.05285,,,,,,,,,,,,,,,,,,,,,44415872,0,,,,,,,,,,,,,,,,
Ch. 2 Output voltage exceeded compliance limit.,3705486051.86861,11.0008153915405,0.0854774862527847,,,1.066992,2.854842E-05,-0.07397708,,,18.31055,0.98304,10,0,0.01066985,0.01066984,-1.37763E-05,,,,,,100,-103.878,-34.19806,,,,,,,,,,,,,,,,,,,,,44415872,0,,,,,,,,,,,,,,,,
Ch. 2 Output voltage exceeded compliance limit.,3705486053.4986,11.0007734298706,0.0488442778587341,,,1.067004,2.303933E-05,-0.07402585,,,18.31055,0.98304,10,0,0.01066996,0.01066996,-1.378554E-05,,,,,,100,-106.7864,-34.20009,,,,,,,,,,,,,,,,,,,,,44415872,0,,,,,,,,,,,,,,,,
Ch. 2 Output voltage exceeded compliance limit.,3705486055.38862,11.0010461807251,0.0732664167881012,,,1.066935,5.747323E-05,-0.07407214,,,18.31055,0.98304,10,0,0.01066927,0.01066926,-1.379326E-05,,,,,,100,-102.8832,-34.19437,,,,,,,,,,,,,,,,,,,,,44415872,0,,,,,,,,,,,,,,,,
Ch. 2 Output voltage exceeded compliance limit.,3705486132.13713,11.2005243301392,0.0732664167881012,,,1.253914,3.807222E-05,-0.1800812,,,18.31055,0.98304,10,0,0.0125391,0.01253904,-3.941045E-05,,,,,,100,-99.90639,-44.26849,,,,,,,,,,,,,,,,,,,,,44415872,0,,,,,,,,,,,,,,,,
Ch. 2 Output voltage exceeded compliance limit.,3705486132.9787,11.200535774231,0.0976885557174683,,,1.253914,3.807222E-05,-0.1800812,,,18.31055,0.98304,10,0,0.0125391,0.01253904,-3.941045E-05,,,,,,100,-99.90639,-44.26849,,,,,,,,,,,,,,,,,,,,,44415872,0,,,,,,,,,,,,,,,,
Ch. 2 Output voltage exceeded compliance limit.,3705486133.64067,11.2004556655884,0.109899625182152,,,1.253758,4.736572E-05,-0.1799468,,,18.31055,0.98304,10,0,0.01253754,0.01253748,-3.937613E-05,,,,,,100,-98.39954,-44.26387,,,,,,,,,,,,,,,,,,,,,44415872,0,,,,,,,,,,,,,,,,
Ch. 2 Output voltage exceeded compliance limit.,3705486218.7567,11.4010524749756,0.0976885557174683,,,1.334285,8.331819E-06,-0.007577171,,,18.31055,0.98304,10,0,0.01334274,0.01334274,-1.764531E-06,,,,,,100,-97.10292,-82.71085,,,,,,,,,,,,,,,,,,,,,44415872,0,,,,,,,,,,,,,,,,
Ch. 2 Output voltage exceeded compliance limit.,3705486219.62024,11.4007139205933,0.0732664167881012,,,1.334285,8.331819E-06,-0.007577171,,,18.31055,0.98304,10,0,0.01334274,0.01334274,-1.764531E-06,,,,,,100,-97.10292,-82.71085,,,,,,,,,,,,,,,,,,,,,44415872,0,,,,,,,,,,,,,,,,
Ch. 2 Output voltage exceeded compliance limit.,3705486220.36546,11.4008378982544,0.0732664167881012,,,1.334286,1.155746E-05,-0.007646523,,,18.31055,0.98304,10,0,0.01334275,0.01334275,-1.780683E-06,,,,,,100,-100.2809,-82.26965,,,,,,,,,,,,,,,,,,,,,44415872,0,,,,,,,,,,,,,,,,
Ch. 2 Output voltage exceeded compliance limit.,3705486296.16622,11.6004590988159,0.158743903040886,,,1.333351,1.561344E-05,-0.001992182,,,18.31055,0.98304,10,0,0.0133334,0.0133334,-4.636043E-07,,,,,,100,-85.72884,-92.25684,,,,,,,,,,,,,,,,,,,,,44415872,0,,,,,,,,,,,,,,,,
Ch. 2 Output voltage exceeded compliance limit.,3705486297.17424,11.6006851196289,0.158743903040886,,,1.33335,1.125653E-05,-0.003456691,,,18.31055,0.98304,10,0,0.01333339,0.01333339,-8.044122E-07,,,,,,100,-96.74805,-89.91073,,,,,,,,,,,,,,,,,,,,,44415872,0,,,,,,,,,,,,,,,,
Ch. 2 Output voltage exceeded compliance limit.,3705486297.98709,11.6012258529663,0.158743903040886,,,1.333334,1.074226E-05,-0.00373506,,,18.31055,0.98304,10,0,0.01333323,0.01333323,-8.691813E-07,,,,,,100,-97.14325,-88.93954,,,,,,,,,,,,,,,,,,,,,44415872,0,,,,,,,,,,,,,,,,
Ch. 2 Output voltage exceeded compliance limit.,3705486376.30619,11.8005619049072,0.146532833576202,,,1.331446,1.288229E-05,-0.003693621,,,18.31055,0.98304,10,0,0.01331436,0.01331436,-8.583213E-07,,,,,,100,-97.33954,-88.88469,,,,,,,,,,,,,,,,,,,,,44415872,0,,,,,,,,,,,,,,,,
Ch. 2 Output voltage exceeded compliance limit.,3705486390.07694,11.8008089065552,0.134321764111519,,,1.33144,1.376207E-05,-0.00344801,,,18.31055,0.98304,10,0,0.01331429,0.01331429,-8.012424E-07,,,,,,100,-99.52435,-89.26854,,,,,,,,,,,,,,,,,,,,,44415872,0,,,,,,,,,,,,,,,,
Ch. 2 Output voltage exceeded compliance limit.,3705486391.74689,11.8008270263672,0.122110687196255,,,1.331438,1.214488E-05,-0.003325996,,,18.31055,0.98304,10,0,0.01331427,0.01331427,-7.728879E-07,,,,,,100,-97.72259,-89.82744,,,,,,,,,,,,,,,,,,,,,44415872,0,,,,,,,,,,,,,,,,
Ch. 2 Output voltage exceeded compliance limit.,3705486468.80771,12.0014734268188,0.146532833576202,,,1.329494,1.285162E-05,-0.003655876,,,18.31055,0.98304,10,0,0.01329483,0.01329483,-8.483042E-07,,,,,,100,-97.22803,-89.56226,,,,,,,,,,,,,,,,,,,,,44415872,0,,,,,,,,,,,,,,,,
Ch. 2 Output voltage exceeded compliance limit.,3705486482.18635,12.0000219345093,0.170954972505569,,,1.329504,7.71104E-06,-0.00344988,,,18.31055,0.98304,10,0,0.01329494,0.01329494,-8.005117E-07,,,,,,100,-97.95274,-89.17762,,,,,,,,,,,,,,,,,,,,,44415872,0,,,,,,,,,,,,,,,,
Ch. 2 Output voltage exceeded compliance limit.,3705486484.03619,12.0000314712524,0.109899625182152,,,1.329504,0.0004236921,-0.003751032,,,18.31055,0.98304,10,0,0.01329493,0.01329493,-8.703906E-07,,,,,,100,-97.03879,-90.92922,,,,,,,,,,,,,,,,,,,,,44415872,0,,,,,,,,,,,,,,,,
Ch. 2 Output voltage exceeded compliance limit.,3705486560.095,12.2014398574829,0.109899625182152,,,1.327567,1.568306E-05,-0.002040096,,,18.31055,0.98304,10,0,0.01327556,0.01327556,-4.726948E-07,,,,,,100,-85.87196,-95.3585,,,,,,,,,,,,,,,,,,,,,44415872,0,,,,,,,,,,,,,,,,
Ch. 2 Output voltage exceeded compliance limit.,3705486571.79597,12.199990272522,0.134321764111519,,,1.327571,1.085914E-05,-0.003708442,,,18.31055,0.98304,10,0,0.0132756,0.0132756,-8.592565E-07,,,,,,100,-97.89804,-90.12518,,,,,,,,,,,,,,,,,,,,,44415872,0,,,,,,,,,,,,,,,,
Ch. 2 Output voltage exceeded compliance limit.,3705486573.59588,12.2001190185547,0.109899625182152,,,1.32757,1.186808E-05,-0.003907962,,,18.31055,0.98304,10,0,0.01327559,0.01327559,-9.054857E-07,,,,,,100,-99.05238,-90.88322,,,,,,,,,,,,,,,,,,,,,44415872,0,,,,,,,,,,,,,,,,
Ch. 2 Output voltage exceeded compliance limit.,3705486659.40547,12.4008588790894,0.0976885557174683,,,1.325638,1.179555E-05,-0.003933861,,,18.31055,0.98304,10,0,0.01325627,0.01325627,-9.101598E-07,,,,,,100,-96.48679,-90.98164,,,,,,,,,,,,,,,,,,,,,44415872,0,,,,,,,,,,,,,,,,
Ch. 2 Output voltage exceeded compliance limit.,3705486661.14431,12.400541305542,0.0976885557174683,,,1.325636,9.039616E-06,-0.003919857,,,18.31055,0.98304,10,0,0.01325625,0.01325625,-9.069183E-07,,,,,,100,-98.38935,-90.03946,,,,,,,,,,,,,,,,,,,,,44415872,0,,,,,,,,,,,,,,,,
Ch. 2 Output voltage exceeded compliance limit.,3705486663.14549,12.4005756378174,0.0854774862527847,,,1.325639,1.465839E-05,-0.003647434,,,18.31055,0.98304,10,0,0.01325628,0.01325628,-8.438916E-07,,,,,,100,-98.1247,-90.76591,,,,,,,,,,,,,,,,,,,,,44415872,0,,,,,,,,,,,,,,,,
Ch. 2 Output voltage exceeded compliance limit.,3705486746.85511,12.6001644134521,0.0976885557174683,,,1.323739,1.537133E-05,-0.004014245,,,18.31055,0.98304,10,0,0.01323728,0.01323728,-9.274274E-07,,,,,,100,-97.12498,-90.79008,,,,,,,,,,,,,,,,,,,,,44415872,0,,,,,,,,,,,,,,,,
Ch. 2 Output voltage exceeded compliance limit.,3705486748.54506,12.5996217727661,0.0732664167881012,,,1.323736,1.055292E-05,-0.004003693,,,18.31055,0.98304,10,0,0.01323725,0.01323725,-9.249875E-07,,,,,,100,-97.35109,-90.21554,,,,,,,,,,,,,,,,,,,,,44415872,0,,,,,,,,,,,,,,,,
Ch. 2 Output voltage exceeded compliance limit.,3705486750.36497,12.5996570587158,0.0732664167881012,,,1.323733,1.571428E-05,-0.004041823,,,18.31055,0.98304,10,0,0.01323722,0.01323722,-9.337948E-07,,,,,,100,-97.46204,-90.47829,,,,,,,,,,,,,,,,,,,,,44415872,0,,,,,,,,,,,,,,,,
Ch. 2 Output voltage exceeded compliance limit.,3705486826.18695,12.8009357452393,0.0732664167881012,,,1.32183,1.527428E-05,-0.004105852,,,18.31055,0.98304,10,0,0.01321819,0.01321819,-9.472241E-07,,,,,,100,-97.80923,-91.51859,,,,,,,,,,,,,,,,,,,,,44415872,0,,,,,,,,,,,,,,,,
Ch. 2 Output voltage exceeded compliance limit.,3705486827.02011,12.8010816574097,0.0854774862527847,,,1.32183,1.527428E-05,-0.004105852,,,18.31055,0.98304,10,0,0.01321819,0.01321819,-9.472241E-07,,,,,,100,-97.80923,-91.51859,,,,,,,,,,,,,,,,,,,,,44415872,0,,,,,,,,,,,,,,,,
Ch. 2 Output voltage exceeded compliance limit.,3705486827.83195,12.8008899688721,0.0732664167881012,,,1.321834,1.560039E-05,-0.004170792,,,18.31055,0.98304,10,0,0.01321823,0.01321823,-9.622086E-07,,,,,,100,-97.88459,-93.07269,,,,,,,,,,,,,,,,,,,,,44415872,0,,,,,,,,,,,,,,,,
Ch. 2 Output voltage exceeded compliance limit.,3705486903.75343,13.0003137588501,0.109899625182152,,,1.319975,1.556373E-05,-0.002213334,,,18.31055,0.98304,10,0,0.01319965,0.01319965,-5.099018E-07,,,,,,100,-85.51917,-95.19133,,,,,,,,,,,,,,,,,,,,,44415872,0,,,,,,,,,,,,,,,,
Ch. 2 Output voltage exceeded compliance limit.,3705486904.6725,13.0004682540894,0.0976885557174683,,,1.319965,1.391492E-05,-0.004329928,,,18.31055,0.98304,10,0,0.01319954,0.01319954,-9.975091E-07,,,,,,100,-98.42419,-91.76003,,,,,,,,,,,,,,,,,,,,,44415872,0,,,,,,,,,,,,,,,,
Ch. 2 Output voltage exceeded compliance limit.,3705486905.74402,13.0003290176392,0.0610553435981274,,,1.319967,8.772393E-06,-0.004090216,,,18.31055,0.98304,10,0,0.01319956,0.01319956,-9.422869E-07,,,,,,100,-95.16647,-92.05482,,,,,,,,,,,,,,,,,,,,,44415872,0,,,,,,,,,,,,,,,,
Ch. 2 Output voltage exceeded compliance limit.,3705486982.17364,13.2017383575439,0.122110687196255,,,1.318107,1.369853E-05,-0.004427482,,,18.31055,0.98304,10,0,0.01318096,0.01318096,-1.018548E-06,,,,,,100,-98.77343,-91.95248,,,,,,,,,,,,,,,,,,,,,44415872,0,,,,,,,,,,,,,,,,
Ch. 2 Output voltage exceeded compliance limit.,3705486982.96479,13.2012758255005,0.0854774862527847,,,1.318107,1.369853E-05,-0.004427482,,,18.31055,0.98304,10,0,0.01318096,0.01318096,-1.018548E-06,,,,,,100,-98.77343,-91.95248,,,,,,,,,,,,,,,,,,,,,44415872,0,,,,,,,,,,,,,,,,
Ch. 2 Output voltage exceeded compliance limit.,3705486997.83373,13.1994066238403,0.0488442778587341,,,1.318123,9.490264E-06,-0.004261343,,,18.31055,0.98304,10,0,0.01318112,0.01318112,-9.803389E-07,,,,,,100,-97.13571,-93.13294,,,,,,,,,,,,,,,,,,,,,44415872,0,,,,,,,,,,,,,,,,
Ch. 2 Output voltage exceeded compliance limit.,3705487074.1623,13.4011850357056,0.0366332083940506,,,1.316283,1.633847E-05,-0.002523501,,,18.31055,0.98304,10,0,0.01316272,0.01316272,-5.79731E-07,,,,,,100,-85.7384,-94.8959,,,,,,,,,,,,,,,,,,,,,44415872,0,,,,,,,,,,,,,,,,
Ch. 2 Output voltage exceeded compliance limit.,3705487074.98571,13.400899887085,0.0366332083940506,,,1.316279,1.250066E-05,-0.004465851,,,18.31055,0.98304,10,0,0.01316269,0.01316269,-1.02595E-06,,,,,,100,-99.07066,-92.0977,,,,,,,,,,,,,,,,,,,,,44415872,0,,,,,,,,,,,,,,,,
Ch. 2 Output voltage exceeded compliance limit.,3705487088.76326,13.3996324539185,0.0610553435981274,,,1.316293,1.294927E-05,-0.0044306,,,18.31055,0.98304,10,0,0.01316282,0.01316282,-1.017862E-06,,,,,,100,-102.6613,-93.29248,,,,,,,,,,,,,,,,,,,,,44415872,0,,,,,,,,,,,,,,,,
Ch. 2 Output voltage exceeded compliance limit.,3705487166.59184,13.6003999710083,0.0244221389293671,,,1.314473,1.162471E-05,-0.004297554,,,18.31055,0.98304,10,0,0.01314462,0.01314462,-9.859316E-07,,,,,,100,-96.90755,-92.9097,,,,,,,,,,,,,,,,,,,,,44415872,0,,,,,,,,,,,,,,,,
Ch. 2 Output voltage exceeded compliance limit.,3705487167.39018,13.6005258560181,0.0610553435981274,,,1.314481,1.146801E-05,-0.004726139,,,18.31055,0.98304,10,0,0.0131447,0.0131447,-1.084263E-06,,,,,,100,-95.9455,-92.74929,,,,,,,,,,,,,,,,,,,,,44415872,0,,,,,,,,,,,,,,,,
Ch. 2 Output voltage exceeded compliance limit.,3705487181.55281,13.6003255844116,0.0244221389293671,,,1.314476,9.578644E-06,-0.004565324,,,18.31055,0.98304,10,0,0.01314465,0.01314465,-1.047365E-06,,,,,,100,-98.64365,-93.20081,,,,,,,,,,,,,,,,,,,,,44415872,0,,,,,,,,,,,,,,,,
Ch. 2 Output voltage exceeded compliance limit.,3705487269.72234,13.7994890213013,0.0854774862527847,,,1.312692,1.15791E-05,-0.004749737,,,18.31055,0.98304,10,0,0.01312681,0.01312681,-1.088193E-06,,,,,,100,-101.9412,-94.02463,,,,,,,,,,,,,,,,,,,,,44415872,0,,,,,,,,,,,,,,,,
Ch. 2 Output voltage exceeded compliance limit.,3705487271.53315,13.7997493743896,0.0366332083940506,,,1.312681,1.371325E-05,-0.004467003,,,18.31055,0.98304,10,0,0.0131267,0.0131267,-1.023409E-06,,,,,,100,-97.21074,-92.9496,,,,,,,,,,,,,,,,,,,,,44415872,0,,,,,,,,,,,,,,,,
Ch. 2 Output voltage exceeded compliance limit.,3705487273.36227,13.7999515533447,0.0488442778587341,,,1.312687,1.113281E-05,-0.004851943,,,18.31055,0.98304,10,0,0.01312677,0.01312677,-1.111606E-06,,,,,,100,-95.70255,-93.50674,,,,,,,,,,,,,,,,,,,,,44415872,0,,,,,,,,,,,,,,,,
Ch. 2 Output voltage exceeded compliance limit.,3705487361.78184,14.0001459121704,0.0610553435981274,,,1.310912,1.389254E-05,-0.004675348,,,18.31055,0.98304,10,0,0.01310902,0.01310902,-1.069699E-06,,,,,,100,-97.2734,-93.16617,,,,,,,,,,,,,,,,,,,,,44415872,0,,,,,,,,,,,,,,,,
Ch. 2 Output voltage exceeded compliance limit.,3705487363.68186,14.0003099441528,0.0122110694646835,,,1.310919,1.645898E-05,-0.004737698,,,18.31055,0.98304,10,0,0.01310908,0.01310908,-1.083969E-06,,,,,,100,-95.57269,-96.18233,,,,,,,,,,,,,,,,,,,,,44415872,0,,,,,,,,,,,,,,,,
Ch. 2 Output voltage exceeded compliance limit.,3705487365.51211,14.0001459121704,0.0732664167881012,,,1.310922,1.450194E-05,-0.004609689,,,18.31055,0.98304,10,0,0.01310911,0.01310911,-1.054683E-06,,,,,,100,-98.65039,-95.97513,,,,,,,,,,,,,,,,,,,,,44415872,0,,,,,,,,,,,,,,,,
Ch. 2 Output voltage exceeded compliance limit.,3705487454.19019,14.2004985809326,0.0854774862527847,,,1.309162,1.086633E-05,-0.004835444,,,18.31055,0.98304,10,0,0.01309152,0.01309152,-1.104851E-06,,,,,,100,-98.79971,-95.22517,,,,,,,,,,,,,,,,,,,,,44415872,0,,,,,,,,,,,,,,,,
Ch. 2 Output voltage exceeded compliance limit.,3705487455.99135,14.2005996704102,0.0244221389293671,,,1.309158,8.461447E-06,-0.004661104,,,18.31055,0.98304,10,0,0.01309147,0.01309147,-1.065012E-06,,,,,,100,-99.24683,-97.64535,,,,,,,,,,,,,,,,,,,,,44415872,0,,,,,,,,,,,,,,,,
Ch. 2 Output voltage exceeded compliance limit.,3705487457.68133,14.2002553939819,0.0732664167881012,,,1.30917,1.215754E-05,-0.004736883,,,18.31055,0.98304,10,0,0.01309159,0.01309159,-1.082337E-06,,,,,,100,-95.04967,-95.37629,,,,,,,,,,,,,,,,,,,,,44415872,0,,,,,,,,,,,,,,,,
Ch. 2 Output voltage exceeded compliance limit.,3705487544.75091,14.4006128311157,0.0244221389293671,,,1.307432,1.241288E-05,-0.004667051,,,18.31055,0.98304,10,0,0.01307421,0.01307421,-1.064965E-06,,,,,,100,-97.76412,-95.69794,,,,,,,,,,,,,,,,,,,,,44415872,0,,,,,,,,,,,,,,,,
Ch. 2 Output voltage exceeded compliance limit.,3705487546.56077,14.4006881713867,0,,,1.307437,1.37689E-05,-0.004884557,,,18.31055,0.98304,10,0,0.01307426,0.01307426,-1.114602E-06,,,,,,100,-95.34969,-95.53997,,,,,,,,,,,,,,,,,,,,,44415872,0,,,,,,,,,,,,,,,,
Ch. 2 Output voltage exceeded compliance limit.,3705487548.19965,14.401083946228,0.0488442778587341,,,1.307432,1.18569E-05,-0.004807243,,,18.31055,0.98304,10,0,0.01307421,0.01307421,-1.096955E-06,,,,,,100,-97.82777,-96.18893,,,,,,,,,,,,,,,,,,,,,44415872,0,,,,,,,,,,,,,,,,
Ch. 2 Output voltage exceeded compliance limit.,3705487633.11037,14.6003818511963,0.0976885557174683,,,1.305723,1.543906E-05,-0.004843214,,,18.31055,0.98304,10,0,0.01305713,0.01305713,-1.103719E-06,,,,,,100,-99.36629,-92.59591,,,,,,,,,,,,,,,,,,,,,44415872,0,,,,,,,,,,,,,,,,
Ch. 2 Output voltage exceeded compliance limit.,3705487634.82032,14.6004114151001,0.146532833576202,,,1.305733,1.128041E-05,-0.004959569,,,18.31055,0.98304,10,0,0.01305723,0.01305723,-1.130244E-06,,,,,,100,-96.15004,-94.68393,,,,,,,,,,,,,,,,,,,,,44415872,0,,,,,,,,,,,,,,,,
Ch. 2 Output voltage exceeded compliance limit.,3705487636.61031,14.6004695892334,0.158743903040886,,,1.305728,1.217297E-05,-0.004762399,,,18.31055,0.98304,10,0,0.01305717,0.01305717,-1.085306E-06,,,,,,100,-98.56364,-94.2094,,,,,,,,,,,,,,,,,,,,,44415872,0,,,,,,,,,,,,,,,,
Ch. 2 Output voltage exceeded compliance limit.,3705487722.19878,14.8008813858032,0.170954972505569,,,1.304025,1.117457E-05,-0.005092375,,,18.31055,0.98304,10,0,0.01304014,0.01304014,-1.158991E-06,,,,,,100,-96.41667,-96.03298,,,,,,,,,,,,,,,,,,,,,44415872,0,,,,,,,,,,,,,,,,
Ch. 2 Output voltage exceeded compliance limit.,3705487723.90985,14.8009099960327,0.134321764111519,,,1.304023,1.141915E-05,-0.005007387,,,18.31055,0.98304,10,0,0.01304012,0.01304012,-1.139646E-06,,,,,,100,-96.29099,-96.68106,,,,,,,,,,,,,,,,,,,,,44415872,0,,,,,,,,,,,,,,,,
Ch. 2 Output voltage exceeded compliance limit.,3705487725.55011,14.8009738922119,0.134321764111519,,,1.304022,1.139165E-05,-0.004939473,,,18.31055,0.98304,10,0,0.01304012,0.01304012,-1.124189E-06,,,,,,100,-97.82761,-100.7942,,,,,,,,,,,,,,,,,,,,,44415872,0,,,,,,,,,,,,,,,,
Ch. 2 Output voltage exceeded compliance limit.,3705488056.95045,15.0009603500366,0.109899625182152,,,1.302345,1.370616E-05,0.000877602,,,18.31055,0.98304,10,0,0.01302334,0.01302334,1.99479E-07,,,,,,100,-77.42632,-79.44232,,,,,,,,,,,,,,,,,,,,,44415872,0,,,,,,,,,,,,,,,,
Ch. 2 Output voltage exceeded compliance limit.,3705488057.89848,15.0004024505615,0.134321764111519,,,1.302346,1.085642E-05,-0.004677074,,,18.31055,0.98304,10,0,0.01302335,0.01302335,-1.063101E-06,,,,,,100,-95.65078,-94.9677,,,,,,,,,,,,,,,,,,,,,44415872,0,,,,,,,,,,,,,,,,
Ch. 2 Output voltage exceeded compliance limit.,3705488058.76181,15.0006132125854,0.109899625182152,,,1.302342,9.814506E-06,-0.004815684,,,18.31055,0.98304,10,0,0.01302332,0.01302332,-1.094604E-06,,,,,,100,-95.83907,-95.82112,,,,,,,,,,,,,,,,,,,,,44415872,0,,,,,,,,,,,,,,,,
Ch. 2 Output voltage exceeded compliance limit.,3705488075.3181,15.0010051727295,0.122110687196255,,,1.302345,9.635198E-06,-0.004653574,,,18.31055,0.98304,10,0,0.01302334,0.01302334,-1.057758E-06,,,,,,100,-98.89831,-99.08833,,,,,,,,,,,,,,,,,,,,,44415872,0,,,,,,,,,,,,,,,,
Ch. 2 Output voltage exceeded compliance limit.,3705488077.16816,14.9998025894165,0.122110687196255,,,1.302344,1.293109E-05,-0.004753765,,,18.31055,0.98304,10,0,0.01302333,0.01302333,-1.080531E-06,,,,,,100,-96.31237,-95.91127,,,,,,,,,,,,,,,,,,,,,44415872,0,,,,,,,,,,,,,,,,
Ch. 2 Output voltage exceeded compliance limit.,3705488078.86808,15.0002317428589,0.0732664167881012,,,1.302342,1.303917E-05,-0.004681535,,,18.31055,0.98304,10,0,0.01302331,0.01302331,-1.064112E-06,,,,,,100,-95.22999,-98.71093,,,,,,,,,,,,,,,,,,,,,44415872,0,,,,,,,,,,,,,,,,
