,3703171935.5945,52.2433490753174,5000.0283203125,0.000250144920526362,1.2988675220767E-7,1,9.99253354069792,40.0298881530762,1.99959129506806,18.5199994593859,0.00274796325498344,0.000510645238831692,0.25,1.10487807447601E-6,0.000249839560077281,2.7085174111671E-6,52.2435874938965,52.2435874938965,5000.021484375,5000.03515625,50.9934445946208,17.8900101981813,30.1217765808105,0,0,0,400,51.9577980041504,1,4,1,1.99111938476562,49.8533744812012,,,,,,,,,,,,,,,,
,3703171945.5935,52.24289894104,5000.0234375,0.000250663792798874,1.36468618818755E-7,1,9.99253354069792,40.0298881530762,1.99954471613999,18.5199994593859,0.00275395368650524,0.000509753065395712,0.25,9.30713429427898E-7,0.000250358896756117,2.53788555441812E-6,52.2431106567383,52.2431106567383,5000.01171875,5000.03515625,50.70971344214,17.8908681789637,30.0988960266113,0,0,0,400,51.9549751281738,1,4,1,1.98455810546875,49.8533744812012,,,,,,,,,,,,,,,,
,3703171955.469,52.2422828674316,5000.01171875,0.000251033434029509,1.32001878189949E-7,1,9.99253354069792,40.0298881530762,1.99954683305173,18.5300000011921,0.00275797237932521,0.0005107516700806,0.25,9.54510389926857E-7,0.000250727897385287,2.56402026321244E-6,52.2426872253418,52.2426872253418,5000.01171875,5000.01171875,50.9926629661015,17.891078321784,30.1103363037109,0,0,0,400,51.9559288024902,1,4,1,1.99935913085938,49.8533744812012,,,,,,,,,,,,,,,,
,3703172296.813,55.7700462341309,5000.03515625,,,2,,,,18.5500004208088,,,,,,,55.7700462341309,55.7700462341309,5000.03515625,5000.03515625,,,30.4993000030518,,,,400,55.4547729492188,0,0,0,0.041351318359375,49.364616394043,,,,,,,,,,,,,,,,
,3703172505.2395,55.6542854309082,5000.0419921875,0.000222536941689862,1.51152095004308E-7,1,9.99253354069792,40.0298881530762,1.97521345621906,18.5400005429983,0.00241905653670392,0.000447981909811403,0.25,8.40536106582397E-7,0.000222491877090415,2.27477243419874E-6,55.6539268493652,55.6539268493652,5000.03515625,5000.048828125,51.0762972176593,17.8947224069866,30.4306602478027,0,0,0,400,55.3612976074219,1,4,1,1.953125,52.7859268188477,,,,,,,,,,,,,,,,
,3703172515.1285,55.6546306610107,5000.04443359375,0.000222397434905791,1.51729259401435E-7,1,9.99253354069792,40.0298881530762,1.97516047549395,18.5400005429983,0.00241740092704246,0.000448117903764906,0.25,8.7937775054561E-7,0.000222352166882251,2.3127068215815E-6,55.6546440124512,55.6546440124512,5000.03515625,5000.0537109375,51.1825986962746,17.8924496773897,30.4306602478027,0,0,0,400,55.3603973388672,1,4,1,1.9561767578125,53.2746849060059,,,,,,,,,,,,,,,,
,3703172525.095,55.6543521881103,5000.04907226562,0.000222499341932534,1.47647559757361E-7,1,9.99253354069792,40.0298881530762,1.9751698444858,18.5400005429983,0.00241865571494331,0.000447573054033276,0.25,8.10630478480306E-7,0.00022245448108631,2.24462955957282E-6,55.6546173095703,55.6546173095703,5000.04443359375,5000.0537109375,51.5226071021401,17.8937191548614,30.4306602478027,0,0,0,400,55.3592643737793,1,4,1,1.95297241210938,53.2746849060059,,,,,,,,,,,,,,,,
,3703172916.127,59.1910858154297,5000.0537109375,,,2,,,,18.5500004208088,,,,,,,59.1910858154297,59.1910858154297,5000.0537109375,5000.0537109375,,,30.7967433929443,,,,400,58.8497695922852,0,0,0,0.046844482421875,51.808406829834,,,,,,,,,,,,,,,,
,3703173094.7255,59.0731964111328,5000.0537109375,0.00018407041177503,1.43023246648112E-7,1,9.99253354069792,40.0298881530762,1.99967015656725,18.5400005429983,0.00202573197234059,0.000378647579482576,0.25,1.02729197417473E-6,0.000184202797671628,2.19138509954125E-6,59.0731964111328,59.0731964111328,5000.0537109375,5000.0537109375,51.454605420967,17.8979758294697,30.7624225616455,0,0,0,400,58.7644653320312,1,4,1,1.9873046875,54.7409591674805,,,,,,,,,,,,,,,,
,3703173104.749,59.0738582611084,5000.0537109375,0.000183991593003999,1.40097175273891E-7,1,9.99253354069792,40.0298881530762,1.99960725999124,18.5400005429983,0.00202526189932247,0.000375948826193846,0.25,7.97612912994162E-7,0.00018412540225836,1.96102799145557E-6,59.0731964111328,59.0731964111328,5000.0537109375,5000.0537109375,51.4882154472939,17.8963521302306,30.7624225616455,0,0,0,400,58.764102935791,1,4,1,1.96929931640625,55.2297172546387,,,,,,,,,,,,,,,,
,3703173114.7265,59.0746326446533,5000.05615234375,0.000183719815039432,1.47283660286338E-7,1,9.99253354069792,40.0298881530762,1.99961749074682,18.5400005429983,0.00202245135716029,0.000374452580199044,0.25,7.10856800918901E-7,0.000183854004012174,1.87248103185038E-6,59.074520111084,59.074520111084,5000.0537109375,5000.05859375,51.383477225717,17.8943586722648,30.7509822845459,0,0,0,400,58.7602615356445,1,4,1,1.98257446289062,54.7409591674805,,,,,,,,,,,,,,,,
,3703173535.916,62.6059532165527,5000.04443359375,,,2,,,,18.5199997267127,,,,,,,62.6059532165527,62.6059532165527,5000.04443359375,5000.04443359375,,,31.0941848754883,,,,400,62.2396011352539,0,0,0,0.0445556640625,52.2971649169922,,,,,,,,,,,,,,,,
,3703173664.3245,62.5100784301758,5000.04443359375,0.000146024847828497,1.473431706349E-7,1,9.99253354069792,40.0298881530762,1.99969290473016,18.5100007802248,0.00160898835997451,0.000297177408065242,0.25,5.37310454153033E-7,0.000146251162923658,1.42592651297043E-6,62.512939453125,62.512939453125,5000.0400390625,5000.048828125,51.6562655789285,17.8966041926299,31.0713043212891,0,0,0,400,62.1562004089356,1,4,1,1.9830322265625,54.7409591674805,,,,,,,,,,,,,,,,
,3703173674.3355,62.5043563842773,5000.0400390625,0.000146021286217434,1.30716084266591E-7,1,9.99253354069792,40.0298881530762,1.99960356783679,18.5100007802248,0.00160859716161901,0.000298714417186706,0.25,6.78467631328961E-7,0.000146246554329428,1.56735176053388E-6,62.5072174072266,62.5072174072266,5000.0400390625,5000.0400390625,51.3694079123708,17.8964024456671,31.0598640441895,0,0,0,400,62.1621284484863,1,4,1,1.99066162109375,55.2297172546387,,,,,,,,,,,,,,,,
,3703173684.253,62.5009441375732,5000.04443359375,0.00014569252360591,1.48699710207912E-7,1,9.99253354069792,40.0298881530762,1.99958523301353,18.5100007802248,0.00160476040613107,0.000299143981400006,0.25,7.77115728507367E-7,0.000145916566410123,1.6641961784827E-6,62.5014953613281,62.5014953613281,5000.0400390625,5000.048828125,51.5093194173131,17.8954091065354,31.0484256744385,0,0,0,400,62.1672859191895,1,4,1,1.98333740234375,53.7634429931641,,,,,,,,,,,,,,,,
,3703174155.506,66.0048522949219,5000.04443359375,,,2,,,,18.5500004208088,,,,,,,66.0048522949219,66.0048522949219,5000.04443359375,5000.04443359375,,,31.3801879882812,,,,400,65.613166809082,0,0,0,0.04150390625,52.2971649169922,,,,,,,,,,,,,,,,
,3703174233.7835,65.9553604125977,5000.1025390625,0.000113096839945956,1.47576365260975E-7,1,9.99253354069792,40.0298881530762,1.9995794442718,18.5400005429983,0.00124666872275228,0.000231899037806196,0.25,5.9572495420788E-7,0.000113348979491894,1.24943659215079E-6,65.9579086303711,65.9579086303711,5000.10009765625,5000.10498046875,51.4991582465631,17.898463493962,31.357307434082,0,0,0,400,65.5869827270508,1,4,1,1.98501586914062,54.7409591674805,,,,,,,,,,,,,,,,
,3703174243.795,65.9520606994629,5000.10498046875,0.000112886446201869,1.6072817544454E-7,1,9.99253354069792,40.0298881530762,1.99948996922259,18.5400005429983,0.00124402211538745,0.000232974113188669,0.25,7.32026476178766E-7,0.000113137256575864,1.3848681482112E-6,65.9528121948242,65.9528121948242,5000.10009765625,5000.10986328125,51.5343315299285,17.8980495084263,31.3458671569824,0,0,0,400,65.5912704467773,1,4,1,1.99295043945313,55.2297172546387,,,,,,,,,,,,,,,,
,3703174253.87,65.951717376709,5000.107421875,0.000112448875995026,1.59730349916839E-7,1,9.99253354069792,40.0298881530762,1.99952274983137,18.5400005429983,0.00123994787526702,0.000228039551505859,0.25,3.63461547828575E-7,0.000112700816901262,1.01295013750965E-6,65.9513092041016,65.9513092041016,5000.10498046875,5000.10986328125,51.4209953946401,17.8967787510078,31.3344268798828,0,0,0,400,65.592643737793,1,4,1,1.98410034179687,55.2297172546387,,,,,,,,,,,,,,,,
,3703174774.94,69.3992004394531,4999.98876953125,,,2,,,,18.5500004208088,,,,,,,69.3992004394531,69.3992004394531,4999.98876953125,4999.98876953125,,,31.6547508239746,,,,400,68.989372253418,0,0,0,0.043182373046875,52.7859268188477,,,,,,,,,,,,,,,,
,3703174806.0375,69.3875503540039,4999.9912109375,8.61071055945534E-5,1.54555286750706E-7,1,9.99253354069792,40.0298881530762,1.99950996113976,18.5400005429983,0.000949633973435736,0.000176784295837377,0.25,4.95445498757636E-7,8.63471106972941E-5,9.63941209515457E-7,69.3878173828125,69.3878173828125,4999.98876953125,4999.99365234375,51.4632033346785,17.8982450024494,31.6204299926758,0,0,0,400,69.0017776489258,1,4,1,1.99050903320313,54.7409591674805,,,,,,,,,,,,,,,,
,3703174813.469,69.3869705200195,4999.98413085937,8.67508572193918E-5,1.65593179671943E-7,1,9.99253354069792,40.0298881530762,1.99950117064188,18.5400005429983,0.000956712781907843,0.000178198126422638,0.25,5.07561010192916E-7,8.69926036508306E-5,9.79588081117353E-7,69.3872833251953,69.3872833251953,4999.9794921875,4999.98876953125,51.2521636344862,17.8982653284005,31.6089897155762,0,0,0,400,69.0040130615234,1,4,1,1.99234008789062,54.7409591674805,,,,,,,,,,,,,,,,
,3703174823.467,69.3868217468262,4999.98657226562,8.67961757948411E-5,1.5762239313872E-7,1,9.99253354069792,40.0298881530762,1.99949267893727,18.5400005429983,0.000956860363886161,0.000180223330577498,0.25,6.82902559078056E-7,8.70370968886647E-5,1.15567095767901E-6,69.3866577148438,69.3866577148438,4999.9794921875,4999.99365234375,51.474927762467,17.8965670263046,31.6318702697754,0,0,0,400,69.005989074707,1,4,1,1.98471069335938,54.7409591674805,,,,,,,,,,,,,,,,
,3703175343.026,72.830638885498,5000.06298828125,6.74302156958058E-5,1.69098655945453E-7,1,9.99253354069792,40.0298881530762,1.99947315426934,18.5400005429983,0.000743866266603485,0.000139103397591267,0.25,4.66523834418418E-7,6.76481190508024E-5,8.1011970184549E-7,72.8340225219727,72.8340225219727,5000.06298828125,5000.06298828125,51.6937837478516,17.8990917840945,31.8835525512695,0,0,0,400,72.4158630371094,1,4,1,1.983642578125,55.7184753417969,,,,,,,,,,,,,,,,
,3703175352.9675,72.8247184753418,5000.07006835937,6.73501913031327E-5,1.61823772287874E-7,1,9.99253354069792,40.0298881530762,1.99947200398459,18.5400005429983,0.000743199677241529,0.000137730888469244,0.25,3.56630161861115E-7,6.75683444653704E-5,6.99501238109522E-7,72.8272552490234,72.8272552490234,5000.06298828125,5000.0771484375,51.607022982217,17.8984006366114,31.8835525512695,0,0,0,400,72.4179382324219,1,4,1,1.9927978515625,55.7184753417969,,,,,,,,,,,,,,,,
,3703175363.0565,72.820426940918,5000.07250976562,6.7418996222198E-5,1.5908596600768E-7,1,9.99253354069792,40.0298881530762,1.99946518414482,18.5400005429983,0.000743856710810157,0.000138423993604694,0.25,4.07023714110936E-7,6.7637084813951E-5,7.50437573163976E-7,72.8221817016602,72.8221817016602,5000.06787109375,5000.0771484375,51.5749762129285,17.8985624695004,31.8835525512695,0,0,0,400,72.4197006225586,1,4,1,1.96884155273438,55.7184753417969,,,,,,,,,,,,,,,,
,3703175396.917,72.8405914306641,5000.06787109375,,,2,,,,18.5500004208088,,,,,,,72.8405914306641,72.8405914306641,5000.06787109375,5000.06787109375,,,31.8835525512695,,,,400,72.7329254150391,0,0,0,0.0439453125,52.7859268188477,,,,,,,,,,,,,,,,
,3703175862.6815,76.2666625976563,5000.00732421875,5.36124629784085E-5,1.70467971370518E-7,1,9.99253354069792,40.0298881530762,1.99943680612832,18.5400005429983,0.000591666991282201,0.000110438660951937,0.25,3.71431021037875E-7,5.38047292801284E-5,6.26463879719878E-7,76.2699508666992,76.2699508666992,5000.0029296875,5000.01171875,51.454605420967,17.8976117550105,32.1352348327637,0,0,0,400,75.8306579589844,1,4,1,1.98318481445313,55.7184753417969,,,,,,,,,,,,,,,,
,3703175872.6365,76.2596435546875,5000.00512695313,5.36028413508459E-5,1.6184132554363E-7,1,9.99253354069792,40.0298881530762,1.99945304168313,18.5400005429983,0.000591509921528305,0.000110726429607265,0.25,3.99093760774657E-7,5.37949076255111E-5,6.54217360224304E-7,76.2633743286133,76.2633743286133,5000.0029296875,5000.00732421875,51.576539469967,17.8992079263967,32.1237945556641,0,0,0,400,75.8258819580078,1,4,1,1.99066162109375,55.2297172546387,,,,,,,,,,,,,,,,
,3703175882.572,76.2526435852051,5000.00952148438,5.36533096365825E-5,1.68819649506599E-7,1,9.99253354069792,40.0298881530762,1.99945422756825,18.5400005429983,0.000591894038656384,0.000111793142901566,0.25,4.86535933346022E-7,5.38451103743053E-5,7.42250817498172E-7,76.2559127807617,76.2559127807617,5000.00732421875,5000.01171875,51.3100041449093,17.9017026326579,32.1352348327637,0,0,0,400,75.8252716064453,1,4,1,1.96945190429687,55.7184753417969,,,,,,,,,,,,,,,,
,3703176014.237,77.664176940918,5000.00732421875,,,2,,,,18.5500004208088,,,,,,,77.664176940918,77.664176940918,5000.00732421875,5000.00732421875,,,32.2381935119629,,,,400,78.2038726806641,0,0,0,0.03997802734375,53.2746849060059,,,,,,,,,,,,,,,,
,3703176372.351,79.6940422058105,5000.13037109375,4.35954594833468E-5,1.63714412098128E-7,1,9.99253354069792,40.0298881530762,1.99939482109677,18.5400005429983,0.000480977319646503,9.13013746216909E-5,0.25,4.49417375633234E-7,4.37631910662724E-5,6.43463972836538E-7,79.6973495483398,79.6973495483398,5000.1279296875,5000.1328125,51.3858221112747,17.9008111877108,32.3411560058594,0,0,0,400,79.2446594238281,1,4,1,2.0001220703125,55.7184753417969,,,,,,,,,,,,,,,,
,3703176382.309,79.686954498291,5000.1328125,4.36846567703259E-5,1.93138889571614E-7,1,9.99253354069792,40.0298881530762,1.99942231246893,18.5400005429983,0.000482147161182025,9.04863494962279E-5,0.25,3.59568681495052E-7,4.38531099631466E-5,5.53686734145626E-7,79.6907348632813,79.6907348632813,5000.1328125,5000.1328125,51.5530906143901,17.900204917897,32.3297157287598,0,0,0,400,79.2388381958008,1,4,1,1.96929931640625,55.7184753417969,,,,,,,,,,,,,,,,
,3703176392.266,79.6798095703125,5000.13037109375,4.3786496337385E-5,1.67307775037517E-7,1,9.99253354069792,40.0298881530762,1.99950981562702,18.5400005429983,0.000483426785707562,8.99431564490139E-5,0.25,2.91817114107805E-7,4.39556226822555E-5,4.86148836978929E-7,79.6831741333008,79.6831741333008,5000.1279296875,5000.1328125,51.5272968732554,17.9000770838666,32.3640365600586,0,0,0,400,79.23388671875,1,4,1,1.98974609375,55.7184753417969,,,,,,,,,,,,,,,,
,3703176633.653,82.8897933959961,5000.1279296875,,,2,,,,18.5699996417761,,,,,,,82.8897933959961,82.8897933959961,5000.1279296875,5000.1279296875,,,32.5470771789551,,,,400,83.5376739501953,0,0,0,0.04302978515625,52.7859268188477,,,,,,,,,,,,,,,,
,3703176871.9805,83.1198883056641,5000.00048828125,3.64077041837601E-5,1.68122108768428E-7,1,9.99253354069792,40.0298881530762,1.99935795647453,18.5599997639656,0.000401890372284253,7.55055271931045E-5,0.25,3.17614605422045E-7,3.6555818162764E-5,4.6869302640092E-7,83.1236343383789,83.1236343383789,4999.998046875,5000.0029296875,51.6164025244478,17.8988297153623,32.5585174560547,0,0,0,400,82.6608657836914,1,4,1,1.9891357421875,55.7184753417969,,,,,,,,,,,,,,,,
,3703176881.9865,83.1128349304199,5000.00512695313,3.64371026324582E-5,1.63228599727913E-7,1,9.99253354069792,40.0298881530762,1.99931284633377,18.5599997639656,0.000402189004739823,7.56605441655232E-5,0.25,3.26505567187224E-7,3.65852866785463E-5,4.77762648855988E-7,83.1161422729492,83.1161422729492,5000.0029296875,5000.00732421875,51.9063867050824,17.8979171333542,32.5585174560547,0,0,0,400,82.6552276611328,1,4,1,1.9873046875,55.7184753417969,,,,,,,,,,,,,,,,
,3703176891.9325,83.1056442260742,5000.00512695313,3.64388026793893E-5,1.67864473078632E-7,1,9.99253354069792,40.0298881530762,1.9992801743897,18.5599997639656,0.000402256477375874,7.53547837318142E-5,0.25,2.98631583481262E-7,3.65870941108285E-5,4.49802933823746E-7,83.1095275878906,83.1095275878906,5000.0029296875,5000.00732421875,51.6328167233516,17.899319878559,32.5585174560547,0,0,0,400,82.6495132446289,1,4,1,1.986083984375,55.7184753417969,,,,,,,,,,,,,,,,
,3703177253.621,86.6869735717773,5000.01171875,,,2,,,,18.5699996417761,,,,,,,86.6869735717773,86.6869735717773,5000.01171875,5000.01171875,,,32.77587890625,,,,400,86.182502746582,0,0,0,0.04364013671875,52.7859268188477,,,,,,,,,,,,,,,,
,3703177371.5815,86.5396766662598,5000.00952148438,3.09984696949023E-5,1.7399853208207E-7,1,9.99253354069792,40.0298881530762,1.99922661843244,18.5599997639656,0.000342052508422054,6.51969135902575E-5,0.25,3.60511080010711E-7,3.11292839958748E-5,4.81150629906549E-7,86.5435791015625,86.5435791015625,5000.00732421875,5000.01171875,51.7883607986786,17.8991029521452,32.7529983520508,0,0,0,400,86.0684967041016,1,4,1,1.98593139648438,55.2297172546387,,,,,,,,,,,,,,,,
,3703177381.5915,86.5314216613769,5000.02124023438,3.10910874268743E-5,1.82018260554654E-7,1,9.99253354069792,40.0298881530762,1.99931243980861,18.5700003057718,0.000343129526323344,6.51638629305656E-5,0.25,3.4072488210788E-7,3.12223620869636E-5,4.61655246378234E-7,86.535774230957,86.535774230957,5000.00732421875,5000.03515625,51.5820108696016,17.8978921757236,32.7529983520508,0,0,0,400,86.0636520385742,1,4,1,2.00469970703125,55.2297172546387,,,,,,,,,,,,,,,,
,3703177391.5245,86.5235443115234,5000.0234375,3.0920769962751E-5,1.68229482783144E-7,1,9.99253354069792,40.0298881530762,1.99927437501803,18.5599997639656,0.000341199665093621,6.50516026767995E-5,0.25,3.61077928964448E-7,3.10512299840531E-5,4.8145894041592E-7,86.5270690917969,86.5270690917969,5000.01171875,5000.03515625,51.4710196198708,17.8988386329912,32.7529983520508,0,0,0,400,86.0586853027344,1,4,1,1.99249267578125,55.2297172546387,,,,,,,,,,,,,,,,
,3703177872.759,89.959716796875,4999.9052734375,,,2,,,,18.5300002685189,,,,,,,89.959716796875,89.959716796875,4999.9052734375,4999.9052734375,,,32.9360389709473,,,,400,89.4820556640625,0,0,0,0.045928955078125,52.7859268188477,,,,,,,,,,,,,,,,
,3703177903.7685,89.9360389709473,4999.912109375,2.68971971738191E-5,1.77559170453827E-7,1,9.99253354069792,40.0298881530762,1.99924758757511,18.5199994593859,0.000296858281554188,5.64531422507206E-5,0.25,3.08075549780661E-7,2.70140170043631E-5,4.06165683784353E-7,89.9371109008789,89.9371109008789,4999.9052734375,4999.9189453125,51.0974011876785,17.8974620405603,32.9246025085449,0,0,0,400,89.4684906005859,1,4,1,2.00286865234375,54.7409591674805,,,,,,,,,,,,,,,,
,3703177911.213,89.9327163696289,4999.90966796875,2.70583478187028E-5,1.70625598516056E-7,1,9.99253354069792,40.0298881530762,1.99923496936901,18.5199994593859,0.00029840413758766,5.80858819739315E-5,0.25,4.26998128833108E-7,2.71754436626223E-5,5.26195415601107E-7,89.9349670410156,89.9349670410156,4999.900390625,4999.9189453125,51.5093194173131,17.8987545979921,32.9360389709473,0,0,0,400,89.4617919921875,1,4,1,1.98501586914062,54.7409591674805,,,,,,,,,,,,,,,,
,3703177921.1815,89.9274864196777,4999.900390625,2.71135315127877E-5,1.70806249742812E-7,1,9.99253354069792,40.0298881530762,1.99925400739732,18.5199994593859,0.000299556442546889,5.51706916409421E-5,0.25,1.53506947601128E-7,2.72318486686888E-5,2.51713401459978E-7,89.9304656982422,89.9304656982422,4999.900390625,4999.900390625,51.3287632293708,17.8978316421277,32.9360389709473,0,0,0,400,89.458251953125,1,4,1,1.98638916015625,54.7409591674805,,,,,,,,,,,,,,,,
,3703178390.768,93.3828239440918,5000.03515625,2.39797334117044E-5,1.75017983215042E-7,1,9.99253354069792,40.0298881530762,1.99923158439917,18.5199994593859,0.00026467158089181,5.03855699538788E-5,0.25,2.84726173320299E-7,2.40860399492257E-5,3.66827157596616E-7,93.3872756958008,93.3872756958008,5000.03515625,5000.03515625,51.4514789068901,17.8990767327351,33.0962028503418,0,0,0,400,92.8961944580078,1,4,1,1.98532104492187,55.7184753417969,,,,,,,,,,,,,,,,
,3703178400.7445,93.3742980957031,5000.03759765625,2.40685239816671E-5,1.63702992615577E-7,1,9.99253354069792,40.0298881530762,1.99924217472228,18.5300000011921,0.000265712292980917,5.02387498057607E-5,0.25,2.55604312426086E-7,2.41753212787358E-5,3.37887059543948E-7,93.3783721923828,93.3783721923828,5000.03515625,5000.0400390625,51.5163540739862,17.8983935146253,33.0962028503418,0,0,0,400,92.8905715942383,1,4,1,2.00973510742187,55.7184753417969,,,,,,,,,,,,,,,,
,3703178410.7675,93.3664588928223,5000.03295898438,2.40511768441595E-5,1.83395003866971E-7,1,9.99253354069792,40.0298881530762,1.99921780784841,18.5199994593859,0.000265261147516209,5.16422919142038E-5,0.25,3.85630867241064E-7,2.41574539296622E-5,4.68448439774797E-7,93.3702239990234,93.3702239990234,5000.02587890625,5000.0400390625,51.3608099986593,17.8983767108212,33.1076431274414,0,0,0,400,92.885871887207,1,4,1,1.99249267578125,55.7184753417969,,,,,,,,,,,,,,,,
,3703178492.288,93.9384918212891,5000.03515625,,,2,,,,18.5600000312924,,,,,,,93.9384918212891,93.9384918212891,5000.03515625,5000.03515625,,,33.1534042358398,,,,400,94.5356369018555,0,0,0,0.045166015625,52.7859268188477,,,,,,,,,,,,,,,,
,3703178880.398,96.8003120422363,5000.03979492188,2.14407986617738E-5,1.74659995232941E-7,1,9.99253354069792,40.0298881530762,1.99931239183205,18.5499992221594,0.000236430670174227,4.64157144520848E-5,0.25,3.81883535134737E-7,2.15368230675235E-5,4.5153546904872E-7,96.8053207397461,96.8053207397461,5000.03515625,5000.04443359375,51.424121908717,17.8996553208893,33.2563629150391,0,0,0,400,96.3115539550781,1,4,1,1.98623657226562,56.2072334289551,,,,,,,,,,,,,,,,
,3703178890.3905,96.7920722961426,5000.03979492188,2.14862138393428E-5,1.79651246527751E-7,1,9.99253354069792,40.0298881530762,1.99930403197813,18.5499992221594,0.000237111322953581,4.54973218481144E-5,0.25,2.90790837376225E-7,2.15827300161623E-5,3.6018349400061E-7,96.7953033447266,96.7953033447266,5000.03515625,5000.04443359375,51.4632033346785,17.9001473521863,33.2678031921387,0,0,0,400,96.3064117431641,1,4,1,1.98348999023438,55.7184753417969,,,,,,,,,,,,,,,,
,3703178900.469,96.7849197387695,5000.04223632812,2.15355505063191E-5,1.79311141576575E-7,1,9.99253354069792,40.0298881530762,1.99930474560026,18.5499992221594,0.000237835991624811,4.45890280523927E-5,0.25,1.998966250571E-7,2.16325760379544E-5,2.69042077897572E-7,96.7888412475586,96.7888412475586,5000.0400390625,5000.04443359375,51.4718012483901,17.9025335405231,33.2792434692383,0,0,0,400,96.3011779785156,1,4,1,1.96823120117187,55.7184753417969,,,,,,,,,,,,,,,,
,3703179111.858,99.4848251342773,5000.048828125,,,2,,,,18.5199997267127,,,,,,,99.4848251342773,99.4848251342773,5000.048828125,5000.048828125,,,33.405086517334,,,,400,100.311103820801,0,0,0,0.046234130859375,52.7859268188477,,,,,,,,,,,,,,,,
,3703179360.0935,100.226665496826,5000.01879882812,1.97863339632564E-5,1.78773681488068E-7,1,9.99253354069792,40.0298881530762,1.99926172892674,18.5100007802248,0.000218661619846019,4.01854466530516E-5,0.25,1.16554581029668E-7,1.98765209047195E-5,1.76121872137277E-7,100.23168182373,100.23168182373,5000.01171875,5000.02587890625,51.4311565653901,17.8998729599683,33.4279632568359,0,0,0,400,99.7374267578125,1,4,1,1.98989868164062,55.7184753417969,,,,,,,,,,,,,,,,
,3703179369.9985,100.217277526855,5000.0166015625,1.96589076311452E-5,1.6444528916672E-7,1,9.99253354069792,40.0298881530762,1.99929300640285,18.5100007802248,0.000216953413545319,4.16335602852989E-5,0.25,2.70033051030157E-7,1.97480517838429E-5,3.29931844317455E-7,100.221649169922,100.221649169922,5000.00732421875,5000.02587890625,51.5796659840439,17.8993913802133,33.4279632568359,0,0,0,400,99.7320022583008,1,4,1,1.9921875,55.2297172546387,,,,,,,,,,,,,,,,
,3703179380.005,100.208770751953,5000.0166015625,1.95664860651822E-5,1.72273102778383E-7,1,9.99253354069792,40.0298881530762,1.99926034458637,18.5100007802248,0.000215548094269256,4.35869012213443E-5,0.25,4.63076039715444E-7,1.96546295607232E-5,5.23590807219302E-7,100.212905883789,100.212905883789,5000.00732421875,5000.02587890625,51.5882638977555,17.8986274348005,33.4279632568359,0,0,0,400,99.7275772094727,1,4,1,1.993408203125,55.7184753417969,,,,,,,,,,,,,,,,
,3703179595.4245,100.226783752441,4999.90502929687,1.95865212431151E-5,1.54912796385671E-7,1,14.9888003110469,40.0298881530762,1.9993214898096,18.5100007802248,0.000215979419439762,4.24830430068401E-5,0.25,3.59639778044632E-7,1.96750686773459E-5,4.19723062608385E-7,100.232398986816,100.232398986816,4999.900390625,4999.90966796875,51.7805445134862,17.9004847734131,33.4279632568359,0,0,0,600,99.7644424438477,1,4,1,1.98471069335938,55.7184753417969,,,,,,,,,,,,,,,,
,3703179610.394,100.215648651123,4999.90283203125,1.95982285206623E-5,1.48544202053011E-7,1,14.9888003110469,40.0298881530762,1.99930724625522,18.5100007802248,0.00021637815315458,4.09823759504922E-5,0.25,2.21926831032982E-7,1.96872382730752E-5,2.81426077804208E-7,100.221168518066,100.221168518066,4999.900390625,4999.9052734375,51.4639849631977,17.8999434820817,33.4279632568359,0,0,0,600,99.740608215332,1,4,1,1.98348999023438,56.2072334289551,,,,,,,,,,,,,,,,
,3703179625.3955,100.20325088501,4999.89819335937,1.95711007334408E-5,1.41150765127814E-7,1,14.9888003110469,40.0298881530762,1.99923504617141,18.5100007802248,0.000216196051820956,4.02216803151246E-5,0.25,1.5809947258693E-7,1.96601745043795E-5,2.17238136896788E-7,100.21012878418,100.21012878418,4999.89111328125,4999.9052734375,51.7398998304862,17.898750296958,33.4394035339355,0,0,0,600,99.7236328125,1,4,1,1.98379516601562,56.2072334289551,,,,,,,,,,,,,,,,
,3703179739.369,101.162757873535,4999.90966796875,,,2,,,,18.5500004208088,,,,,,,101.162757873535,101.162757873535,4999.90966796875,4999.90966796875,,,33.485164642334,,,,600,101.893394470215,0,0,0,0.0396728515625,52.7859268188477,,,,,,,,,,,,,,,,
,3703180368.993,111.103118896484,4999.9189453125,,,2,,,,18.5500004208088,,,,,,,111.103118896484,111.103118896484,4999.9189453125,4999.9189453125,,,33.885570526123,,,,600,110.790084838867,0,0,0,0.043487548828125,52.7859268188477,,,,,,,,,,,,,,,,
,3703180524.6975,110.707363128662,4999.92578125,1.55763488431543E-5,1.49891484598479E-7,1,14.9888003110469,40.0298881530762,1.99930050558214,18.5400005429983,0.00017187880669503,3.31366756713613E-5,0.25,2.34544929147627E-7,1.56474603536571E-5,2.74856529665707E-7,110.71435546875,110.71435546875,4999.9189453125,4999.9326171875,51.3819139686785,17.9026463906383,33.8626899719238,0,0,0,600,110.240875244141,1,4,1,1.98486328125,55.7184753417969,,,,,,,,,,,,,,,,
,3703180539.699,110.694351196289,4999.92578125,1.55923901544266E-5,1.44506206611476E-7,1,14.9888003110469,40.0298881530762,1.99927047518057,18.5400005429983,0.000172097140610457,3.2923329736675E-5,0.25,2.12454059079434E-7,1.56636316082613E-5,2.52712139853033E-7,110.700370788574,110.700370788574,4999.9189453125,4999.9326171875,51.4108342238901,17.9022494550183,33.8512496948242,0,0,0,600,110.237983703613,1,4,1,1.96823120117187,55.7184753417969,,,,,,,,,,,,,,,,
,3703180554.738,110.683345794678,4999.92578125,1.55956036486925E-5,1.50548991433553E-7,1,14.9888003110469,40.0298881530762,1.99932685796754,18.5400005429983,0.00017206959609496,3.33125936199852E-5,0.25,2.46980359202785E-7,1.56667732906368E-5,2.87412045089018E-7,110.688331604004,110.688331604004,4999.9189453125,4999.9326171875,51.5171357025055,17.9017723749455,33.8626899719238,0,0,0,600,110.233299255371,1,4,1,1.98577880859375,55.7184753417969,,,,,,,,,,,,,,,,
,3703180998.492,117.132598876953,4999.91455078125,,,2,,,,18.5600000312924,,,,,,,117.132598876953,117.132598876953,4999.91455078125,4999.91455078125,,,34.0914916992188,,,,600,118.200325012207,0,0,0,0.04547119140625,53.2746849060059,,,,,,,,,,,,,,,,
,3703181454.0695,121.194725036621,4999.92358398438,1.30941176889054E-5,1.56628938741268E-7,1,14.9888003110469,40.0298881530762,1.99930992925822,18.5499992221594,0.000144587859012749,2.72421733447634E-5,0.25,1.46400184605821E-7,1.31531582574712E-5,1.75459210470599E-7,121.201545715332,121.201545715332,4999.91455078125,4999.9326171875,51.4155239950054,17.902882258989,34.2402114868164,0,0,0,600,120.766334533691,1,4,1,1.982421875,55.7184753417969,,,,,,,,,,,,,,,,
,3703181468.987,121.18293762207,4999.912109375,1.30371032209605E-5,1.51459742576448E-7,1,14.9888003110469,40.0298881530762,1.99934506145035,18.5499992221594,0.000144309599506562,2.51513334889187E-5,0.25,-3.2534435701239E-8,1.30962749123016E-5,-4.40572995770209E-9,121.18790435791,121.18790435791,4999.90966796875,4999.91455078125,51.6593920930055,17.902020307866,34.2287712097168,0,0,0,600,120.765014648438,1,4,1,1.98410034179687,56.2072334289551,,,,,,,,,,,,,,,,
,3703181484.0885,121.173580169678,4999.90966796875,1.31277723626447E-5,1.52173820213326E-7,1,14.9888003110469,40.0298881530762,1.9992981177281,18.5499992221594,0.000145111506446635,2.64480319370049E-5,0.25,6.86763629933231E-8,1.31871367787349E-5,9.74641180553436E-8,121.17797088623,121.17797088623,4999.90966796875,4999.90966796875,51.4803991621016,17.9012342467443,34.2402114868164,0,0,0,600,120.765762329102,1,4,1,1.98410034179687,55.7184753417969,,,,,,,,,,,,,,,,
,3703181628.056,122.680000305176,4999.923828125,,,2,,,,18.5399998790026,,,,,,,122.680000305176,122.680000305176,4999.923828125,4999.923828125,,,34.2974128723145,,,,600,123.719337463379,0,0,0,0.049591064453125,53.2746849060059,,,,,,,,,,,,,,,,
,3703182257.512,132.029342651367,5000.03515625,,,2,,,,18.5500004208088,,,,,,,132.029342651367,132.029342651367,5000.03515625,5000.03515625,,,34.5834159851074,,,,600,131.563720703125,0,0,0,0.048675537109375,53.2746849060059,,,,,,,,,,,,,,,,
,3703182383.408,131.6865234375,5000.03295898438,1.11122763159845E-5,1.57573466955299E-7,1,14.9888003110469,40.0298881530762,1.99926595634634,18.5400005429983,0.000123098851864474,2.07756302893291E-5,0.25,-8.42953371378417E-8,1.11613504177623E-5,-6.35551606560282E-8,131.693084716797,131.693084716797,5000.03076171875,5000.03515625,51.5976434399862,17.9042712826478,34.5834159851074,0,0,0,600,131.323486328125,1,4,1,1.98562622070313,55.2297172546387,,,,,,,,,,,,,,,,
,3703182398.4245,131.674934387207,5000.03759765625,1.11358230770506E-5,1.55169305053093E-7,1,14.9888003110469,40.0298881530762,1.99930993026887,18.5400005429983,0.000123428147486984,2.04471627892623E-5,0.25,-1.18185985137339E-7,1.11850671439708E-5,-9.75473656868142E-8,131.679962158203,131.679962158203,5000.03076171875,5000.04443359375,51.6398513800247,17.9068493658385,34.5834159851074,0,0,0,600,131.326370239258,1,4,1,1.98745727539062,55.7184753417969,,,,,,,,,,,,,,,,
,3703182413.4035,131.666961669922,5000.04223632812,1.113077996531E-5,1.59877867854693E-7,1,14.9888003110469,40.0298881530762,1.99915582830183,18.5400005429983,0.000123292116663107,2.08391595772558E-5,0.25,-8.17271384702893E-8,1.11799338793686E-5,-6.09356199320046E-8,131.669906616211,131.669906616211,5000.0400390625,5000.04443359375,51.4577319350439,17.9048260314859,34.5834159851074,0,0,0,600,131.328491210938,1,4,1,1.9708251953125,55.2297172546387,,,,,,,,,,,,,,,,
,3703182887.343,138.682495117188,5000.0166015625,,,2,,,,18.5300002685189,,,,,,,138.682495117188,138.682495117188,5000.0166015625,5000.0166015625,,,34.7893371582031,,,,600,139.830718994141,0,0,0,0.040740966796875,53.2746849060059,,,,,,,,,,,,,,,,
,3703183312.6985,142.197746276855,5000.03076171875,9.74496857069364E-6,1.52400223951547E-7,1,14.9888003110469,40.0298881530762,1.99911308938561,18.5199994593859,0.000107786254204859,1.90044583194481E-5,0.25,-4.8721381773845E-10,9.78617751040864E-6,1.59704457110334E-8,142.204055786133,142.204055786133,5000.03076171875,5000.03076171875,51.8329136242747,17.9033906339877,34.8694190979004,0,0,0,600,141.673553466797,1,4,1,1.98822021484375,55.7184753417969,,,,,,,,,,,,,,,,
,3703183327.6435,142.187606811523,5000.0283203125,9.82155679608788E-6,1.24730577846111E-7,1,14.9888003110469,40.0298881530762,1.99912299054739,18.5199994593859,0.000109127684416827,1.63541997105525E-5,0.25,-2.53616220390893E-7,9.86351899008765E-6,-2.38097866788626E-7,142.191436767578,142.191436767578,5000.02587890625,5000.03076171875,51.5992066970247,17.902501880576,34.8922958374023,0,0,0,600,141.679641723633,1,4,1,2.00210571289062,55.7184753417969,,,,,,,,,,,,,,,,
,3703183342.67,142.180931091309,5000.02368164063,1.01402210157247E-5,1.23335874708867E-7,1,14.9888003110469,40.0298881530762,1.99911610503882,18.5199994593859,0.000112948853102285,1.52924511187976E-5,0.25,-4.05808412464472E-7,1.01837891457722E-5,-3.90394200613895E-7,142.183776855469,142.183776855469,5000.021484375,5000.02587890625,51.7039449186016,17.9033914358626,34.8808555603027,0,0,0,600,141.683563232422,1,4,1,2.00439453125,55.7184753417969,,,,,,,,,,,,,,,,
,3703183516.673,144.23193359375,5000.04443359375,,,2,,,,18.5399998790026,,,,,,,144.23193359375,144.23193359375,5000.04443359375,5000.04443359375,,,34.9494972229004,,,,600,145.218017578125,0,0,0,0.047607421875,53.2746849060059,,,,,,,,,,,,,,,,
,3703184146.3,152.917144775391,4999.86767578125,,,2,,,,18.5399998790026,,,,,,,152.917144775391,152.917144775391,4999.86767578125,4999.86767578125,,,35.1668586730957,,,,600,152.200973510742,0,0,0,0.043792724609375,53.2746849060059,,,,,,,,,,,,,,,,
,3703184226.9945,152.716789245605,4999.85400390625,8.38042095106877E-6,1.21466216603534E-7,1,14.9888003110469,40.0298881530762,1.99912293127127,18.5400005429983,9.28873774725176E-5,1.51349601269501E-5,0.25,-1.07993682697629E-7,8.41431950334501E-6,-9.56840407918209E-8,152.724472045898,152.724472045898,4999.85400390625,4999.85400390625,51.4874338187747,17.9024521632511,35.1668586730957,0,0,0,600,152.144439697266,1,4,1,1.9866943359375,55.2297172546387,,,,,,,,,,,,,,,,
,3703184242.0205,152.704307556152,4999.85620117188,8.44367644303787E-6,1.21676733267894E-7,1,14.9888003110469,40.0298881530762,1.99906786894143,18.5300000011921,9.38892735537778E-5,1.3527959917117E-5,0.25,-2.64423688180415E-7,8.478069718047E-6,-2.52646095291171E-7,152.709106445313,152.709106445313,4999.85400390625,4999.8583984375,51.5906087833132,17.9015903852817,35.1668586730957,0,0,0,600,152.156631469727,1,4,1,2.00851440429687,55.2297172546387,,,,,,,,,,,,,,,,
,3703184257.0165,152.696884155273,4999.86303710937,8.40472053226362E-6,1.34636232968657E-7,1,14.9888003110469,40.0298881530762,1.99909354761462,18.5300000011921,9.32774312364892E-5,1.44863255664234E-5,0.25,-1.70913332597504E-7,8.43881606162747E-6,-1.58817680063014E-7,152.699508666992,152.699508666992,4999.8583984375,4999.86767578125,51.4710196198708,17.9019791877156,35.1554183959961,0,0,0,600,152.166854858398,1,4,1,2.0013427734375,55.7184753417969,,,,,,,,,,,,,,,,
,3703184775.559,160.444961547852,5000.03515625,,,2,,,,18.5300002685189,,,,,,,160.444961547852,160.444961547852,5000.03515625,5000.03515625,,,35.3384628295898,,,,600,161.847213745117,0,0,0,0.045318603515625,52.7859268188477,,,,,,,,,,,,,,,,
,3703185051.3995,163.440208435059,5000.03076171875,7.55544217469946E-6,1.25459352598782E-7,1,14.9888003110469,40.0298881530762,1.99913304471712,18.5199994593859,8.36930768579529E-5,1.38200133736437E-5,0.25,-8.02134266123265E-8,7.58422317802308E-6,-7.00796964228211E-8,163.475006103516,163.475006103516,5000.03076171875,5000.03076171875,51.6734614063516,17.9023046728633,35.4071006774902,0,0,0,600,162.951324462891,1,4,1,1.97189331054687,56.2072334289551,,,,,,,,,,,,,,,,
,3703185066.4565,163.373397827148,5000.03295898438,7.19105465197051E-6,1.15823665559811E-7,1,14.9888003110469,40.0298881530762,1.99909452172171,18.5199994593859,8.06270999061772E-5,7.63363662993613E-6,0.25,-5.75578815170354E-7,7.2191485378762E-6,-5.67823457036398E-7,163.405410766602,163.405410766602,5000.03076171875,5000.03515625,51.5530906143901,17.9056109518491,35.4071006774902,0,0,0,600,162.904006958008,1,4,1,2.00332641601562,55.7184753417969,,,,,,,,,,,,,,,,
,3703185081.4925,163.315994262695,5000.03515625,7.49088458813824E-6,1.19874185005371E-7,1,14.9888003110469,40.0298881530762,1.99911052117997,18.5199994593859,8.33519094633639E-5,1.15740357265284E-5,0.25,-2.7198646841092E-7,7.51970684167722E-6,-2.62659467980514E-7,163.341384887695,163.341384887695,5000.03515625,5000.03515625,51.5655966706978,17.9019512988065,35.4071006774902,0,0,0,600,162.883804321289,1,4,1,1.96914672851562,55.7184753417969,,,,,,,,,,,,,,,,
,3703185405.462,167.775024414062,5000.04443359375,,,2,,,,18.5500004208088,,,,,,,167.775024414062,167.775024414062,5000.04443359375,5000.04443359375,,,35.5215034484863,,,,600,169.290252685547,0,0,0,0.04913330078125,52.7859268188477,,,,,,,,,,,,,,,,
,3703185860.755,173.988456726074,4999.92822265625,6.11445897249624E-6,1.2823547697825E-7,1,14.9888003110469,40.0298881530762,1.99919202862846,18.5400005429983,6.76520087395662E-5,1.15471488155101E-5,0.25,-3.11792785101489E-8,6.13620081317286E-6,-2.35333250819211E-8,174.028198242187,174.028198242187,4999.923828125,4999.9326171875,51.5812292410824,17.9075480509613,35.6473426818848,0,0,0,600,173.582656860352,1,4,1,1.97036743164062,55.7184753417969,,,,,,,,,,,,,,,,
,3703185875.8,173.911277770996,4999.98388671875,6.26136692880506E-6,1.33294752322609E-7,1,14.9888003110469,40.0298881530762,1.99920120159998,18.5400005429983,6.90479517306902E-5,1.31314609721496E-5,0.25,8.62823853380124E-8,6.28349271892897E-6,9.45365001128566E-8,173.948715209961,173.948715209961,4999.9326171875,5000.03515625,51.5163540739862,17.9059282125551,35.6473426818848,0,0,0,600,173.517776489258,1,4,1,1.97036743164062,55.7184753417969,,,,,,,,,,,,,,,,
,3703185890.834,173.842712402344,4999.98876953125,6.16156309483006E-6,1.40559193447632E-7,1,14.9888003110469,40.0298881530762,1.9991929718154,18.5400005429983,6.7987452637121E-5,1.26933245032702E-5,0.25,6.4205625446502E-8,6.18337257614624E-6,7.22589012940052E-8,173.873840332031,173.873840332031,4999.9423828125,5000.03515625,51.5132275599093,17.9053204538554,35.6473426818848,0,0,0,600,173.482620239258,1,4,1,1.98471069335938,55.7184753417969,,,,,,,,,,,,,,,,
,3703186034.708,175.315185546875,4999.9189453125,,,2,,,,18.5500004208088,,,,,,,175.315185546875,175.315185546875,4999.9189453125,4999.9189453125,,,35.6587829589844,,,,600,176.809799194336,0,0,0,0.043487548828125,52.7859268188477,,,,,,,,,,,,,,,,
,3703186664.339,184.513641357422,4999.9189453125,,,2,,,,18.5500004208088,,,,,,,184.513641357422,184.513641357422,4999.9189453125,4999.9189453125,,,35.8532638549805,,,,600,184.139999389648,0,0,0,0.047607421875,52.2971649169922,,,,,,,,,,,,,,,,
,3703186705.3525,184.313011169434,4999.92578125,5.20336764514564E-6,1.35250699542471E-7,1,14.9888003110469,40.0298881530762,1.97470202296171,18.5400005429983,5.64162828890014E-5,1.2382287529906E-5,0.25,2.18632329340104E-7,5.2202550119489E-6,2.25469594079914E-7,184.322631835938,184.322631835938,4999.9189453125,4999.9326171875,51.424121908717,17.8981254077873,35.8532638549805,0,0,0,600,183.957717895508,1,4,1,1.95693969726562,54.7409591674805,,,,,,,,,,,,,,,,
,3703186715.2865,184.278480529785,4999.91674804687,5.17580593417909E-6,1.37850532090528E-7,1,14.9888003110469,40.0298881530762,1.97472094097798,18.5400005429983,5.62204648644366E-5,1.17341781175842E-5,0.25,1.64132070961422E-7,5.19267102382324E-6,1.70758991382533E-7,184.30339050293,184.30339050293,4999.91455078125,4999.9189453125,51.5921720403516,17.8984969806176,35.8532638549805,0,0,0,600,183.963241577148,1,4,1,1.954345703125,55.2297172546387,,,,,,,,,,,,,,,,
,3703186730.2805,184.236656188965,4999.91674804687,5.13418827383159E-6,1.3700432707932E-7,1,14.9888003110469,40.0298881530762,1.97475634026018,18.5400005429983,5.55636294136053E-5,1.28103316085775E-5,0.25,2.69948303635441E-7,5.15079710638563E-6,2.76877099238878E-7,184.253570556641,184.253570556641,4999.91455078125,4999.9189453125,51.2451289778131,17.8986723081042,35.8532638549805,0,0,0,600,183.978424072266,1,4,1,1.95724487304687,55.2297172546387,,,,,,,,,,,,,,,,
,3703187293.988,192.791091918945,4999.90966796875,,,2,,,,18.5199997267127,,,,,,,192.791091918945,192.791091918945,4999.90966796875,4999.90966796875,,,36.0248680114746,,,,600,194.428100585938,0,0,0,0.046844482421875,52.7859268188477,,,,,,,,,,,,,,,,
,3703187509.65,194.987022399902,4999.91186523438,4.23093372627262E-6,1.31859533975309E-7,1,14.9888003110469,40.0298881530762,1.99911161282374,18.5100007802248,4.6292406016704E-5,1.07918059493771E-5,0.25,2.33153997794165E-7,4.24345337615764E-6,2.38484777042842E-7,195.030349731445,195.030349731445,4999.8955078125,4999.92822265625,51.4803991621016,17.8964676395945,36.0477485656738,0,0,0,600,194.551162719727,1,4,1,1.98532104492187,55.7184753417969,,,,,,,,,,,,,,,,
,3703187524.6195,194.905265808105,4999.92138671875,4.2310193404851E-6,1.32491248557755E-7,1,14.9888003110469,40.0298881530762,1.99913686122792,18.5100007802248,4.61925956635983E-5,1.13691061947944E-5,0.25,2.8537379832308E-7,4.24349108652848E-6,2.90865416240521E-7,194.943695068359,194.943695068359,4999.91455078125,4999.92822265625,51.2396575781785,17.8998422388799,36.0477485656738,0,0,0,600,194.492736816406,1,4,1,1.968994140625,55.7184753417969,,,,,,,,,,,,,,,,
,3703187539.571,194.834465026855,4999.91674804687,4.21321787378028E-6,1.34915037175412E-7,1,14.9888003110469,40.0298881530762,1.99912183229924,18.5100007802248,4.60563829856697E-5,1.09890461432448E-5,0.25,2.5410672303252E-7,4.22567776900623E-6,2.5948698880537E-7,194.866836547852,194.866836547852,4999.91455078125,4999.9189453125,51.5069745317554,17.8991088991708,36.0591888427734,0,0,0,600,194.471862792969,1,4,1,1.96731567382813,55.7184753417969,,,,,,,,,,,,,,,,
,3703187923.533,200.330642700195,4999.923828125,,,2,,,,18.5399998790026,,,,,,,200.330642700195,200.330642700195,4999.923828125,4999.923828125,,,36.1735877990723,,,,600,202.003540039062,0,0,0,0.04119873046875,52.7859268188477,,,,,,,,,,,,,,,,
,3703188318.9815,205.473129272461,4999.91455078125,3.53386700310542E-6,1.45623714472216E-7,1,14.9888003110469,40.0298881530762,1.97452377699439,18.5300000011921,3.80283119062052E-5,9.89821646059009E-6,0.25,2.85888126633896E-7,3.54325114221453E-6,2.90289691845802E-7,205.515991210938,205.515991210938,4999.91455078125,4999.91455078125,51.4819624191401,17.8992523731629,36.2536697387695,0,0,0,600,205.094055175781,1,4,1,1.95770263671875,55.7184753417969,,,,,,,,,,,,,,,,
,3703188334.0805,205.390701293945,4999.912109375,3.483799150234E-6,1.37929245584713E-7,1,14.9888003110469,40.0298881530762,1.97450117299755,18.5300000011921,3.74639571224202E-5,9.90157626931653E-6,0.25,2.94998269196694E-7,3.49304452676009E-6,2.99375951754526E-7,205.430267333984,205.430267333984,4999.90966796875,4999.91455078125,51.7883607986786,17.8997314036391,36.2536697387695,0,0,0,600,205.041259765625,1,4,1,1.95846557617187,55.2297172546387,,,,,,,,,,,,,,,,
,3703188349.078,205.320533752441,4999.912109375,3.42136909529768E-6,1.3884160357561E-7,1,14.9888003110469,40.0298881530762,1.97443654668511,18.5300000011921,3.67922799297677E-5,9.71953574462585E-6,0.25,2.8931477437626E-7,3.43045561006461E-6,2.9361496109848E-7,205.351135253906,205.351135253906,4999.90966796875,4999.91455078125,51.4882154472939,17.8977179218656,36.2536697387695,0,0,0,600,205.029327392578,1,4,1,1.95755004882813,55.7184753417969,,,,,,,,,,,,,,,,
,3703188552.822,207.859344482422,4999.9189453125,,,2,,,,18.5399998790026,,,,,,,207.859344482422,207.859344482422,4999.9189453125,4999.9189453125,,,36.2879905700684,,,,600,209.545745849609,0,0,0,0.040740966796875,52.7859268188477,,,,,,,,,,,,,,,,
,3703189128.426,215.968246459961,4999.9052734375,2.72817254233413E-6,1.5789927843729E-7,1,14.9888003110469,40.0298881530762,1.99900774341931,18.5300000011921,2.92467522234278E-5,1.02858292355545E-5,0.25,4.52399056491609E-7,2.73441670924368E-6,4.56134101357351E-7,216.012680053711,216.012680053711,4999.9052734375,4999.9052734375,51.7258305171401,17.8997233934201,36.4252700805664,0,0,0,600,215.652786254883,1,4,1,1.99371337890625,55.7184753417969,,,,,,,,,,,,,,,,
,3703189143.4895,215.883666992187,4999.90991210937,2.57554882664617E-6,1.53262239477183E-7,1,14.9888003110469,40.0298881530762,1.99900086693388,18.5300000011921,2.77893858955826E-5,8.69215061287727E-6,0.25,3.34872160114703E-7,2.58153842340383E-6,3.38174441041791E-7,215.923812866211,215.923812866211,4999.9052734375,4999.91455078125,51.9501579021593,17.8976344991762,36.4252700805664,0,0,0,600,215.606201171875,1,4,1,2.00149536132813,55.7184753417969,,,,,,,,,,,,,,,,
,3703189158.5,215.812438964844,4999.91918945313,2.65906509772068E-6,1.57721770436495E-7,1,14.9888003110469,40.0298881530762,1.9989551690978,18.5300000011921,2.85683234179402E-5,9.66627352346932E-6,0.25,4.08442047909883E-7,2.66519363343946E-6,4.12006953413673E-7,215.843521118164,215.843521118164,4999.91455078125,4999.923828125,51.6633002356016,17.8986930499412,36.4252700805664,0,0,0,600,215.607955932617,1,4,1,2.0037841796875,56.2072334289551,,,,,,,,,,,,,,,,
,3703189182.387,215.734344482422,4999.92822265625,,,2,,,,18.5300002685189,,,,,,,215.734344482422,215.734344482422,4999.92822265625,4999.92822265625,,,36.4481506347656,,,,600,215.666259765625,0,0,0,0.04119873046875,52.7859268188477,,,,,,,,,,,,,,,,
,3703189811.993,225.134704589844,4999.87744140625,,,2,,,,18.5399998790026,,,,,,,225.134704589844,225.134704589844,4999.87744140625,4999.87744140625,,,36.6083106994629,,,,600,227.029678344727,0,0,0,0.040740966796875,52.7859268188477,,,,,,,,,,,,,,,,
,3703189982.8455,226.437652587891,4999.87963867188,1.87764188736967E-6,1.40863545216221E-7,1,14.9888003110469,40.0298881530762,1.99901750974815,18.5300000011921,2.00042148697843E-5,7.75458275848218E-6,0.25,3.72832772372014E-7,1.88134390161288E-6,3.75342272494883E-7,226.482574462891,226.482574462891,4999.87744140625,4999.8818359375,51.2654513193131,17.8996006673972,36.6197509765625,0,0,0,600,226.187606811523,1,4,1,1.98760986328125,55.7184753417969,,,,,,,,,,,,,,,,
,3703189997.7865,226.356140136719,4999.89575195313,1.86031037425895E-6,1.51527027344949E-7,1,14.9888003110469,40.0298881530762,1.99905290353828,18.5300000011921,1.97654377219415E-5,7.99360718968512E-6,0.25,3.97514335567039E-7,1.86395682791399E-6,4.00062860716293E-7,226.392730712891,226.392730712891,4999.8818359375,4999.90966796875,51.5398029295631,17.899906745201,36.6197509765625,0,0,0,600,226.165390014648,1,4,1,1.9854736328125,55.7184753417969,,,,,,,,,,,,,,,,
,3703190012.74,226.290367126465,4999.90258789063,2.00959391692378E-6,2.13866078678085E-7,1,14.9888003110469,40.0298881530762,1.99893760933106,18.5300000011921,2.14841727643881E-5,7.8727645335355E-6,0.25,3.60394871899469E-7,2.01359942784949E-6,3.6300052828041E-7,226.319549560547,226.319549560547,4999.8955078125,4999.90966796875,51.7742914853324,17.900403201846,36.6311912536621,0,0,0,600,226.213714599609,1,4,1,2.00271606445313,55.7184753417969,,,,,,,,,,,,,,,,
,3703190441.417,232.596130371094,4999.89111328125,,,2,,,,18.5100001162291,,,,,,,232.596130371094,232.596130371094,4999.89111328125,4999.89111328125,,,36.7341537475586,,,,600,234.529861450195,0,0,0,0.04119873046875,53.2746849060059,,,,,,,,,,,,,,,,
,3703190807.177,236.872024536133,4999.88671875,9.15495658057854E-7,1.84555699447913E-7,1,14.9888003110469,40.0298881530762,1.9990414038384,18.5000002384186,9.07265863698324E-6,7.64393721818937E-6,0.25,5.31971996942063E-7,9.16732149677049E-7,5.33745006546224E-7,236.913421630859,236.913421630859,4999.88671875,4999.88671875,51.383477225717,17.903510417588,36.8142356872559,0,0,0,600,236.716705322266,1,4,1,1.96884155273438,55.7184753417969,,,,,,,,,,,,,,,,
,3703190822.12,236.800537109375,4999.8935546875,9.07637686254978E-7,1.68782244467044E-7,1,14.9888003110469,40.0298881530762,1.99900180525674,18.5000002384186,9.23681135579116E-6,6.19842466822506E-6,0.25,4.02374438731924E-7,9.08972992083839E-7,4.03901918910812E-7,236.830627441406,236.830627441406,4999.88671875,4999.900390625,51.5632517851401,17.9017532073084,36.8256721496582,0,0,0,600,236.772018432617,1,4,1,1.97036743164062,52.7859268188477,,,,,,,,,,,,,,,,
,3703190837.1835,236.754302978516,4999.900390625,9.95425247873354E-7,1.71268857208396E-7,1,14.9888003110469,40.0298881530762,1.99901770737262,18.5000002384186,1.01648214693192E-5,6.60128457902185E-6,0.25,4.23466434732718E-7,9.96906314963709E-7,4.25109392442283E-7,236.770446777344,236.770446777344,4999.900390625,4999.900390625,51.4788359050631,17.9030529985512,36.8142356872559,0,0,0,600,236.843276977539,1,4,1,1.9696044921875,55.2297172546387,,,,,,,,,,,,,,,,
,3703191071.419,239.878616333008,5000.02587890625,,,2,,,,18.5199997267127,,,,,,,239.878616333008,239.878616333008,5000.02587890625,5000.02587890625,,,36.8943138122559,,,,600,241.792633056641,0,0,0,0.041351318359375,52.7859268188477,,,,,,,,,,,,,,,,
,3703191631.6665,247.368362426758,5000.01440429687,-2.54355031776401E-8,1.34232039747697E-8,1,14.9888003110469,40.0298881530762,1.97462828784337,18.5100007802248,-1.1434745600011E-6,4.88719322572214E-6,0.25,4.52657476016903E-7,-2.58447704027325E-8,4.53335279390479E-7,247.409408569336,247.409408569336,5000.00732421875,5000.021484375,51.6242188096401,17.8963064890317,37.0430374145508,0,0,0,600,247.278961181641,1,4,1,1.95510864257813,55.7184753417969,,,,,,,,,,,,,,,,
,3703191646.664,247.299133300781,5000.01440429687,-9.71955904907035E-8,4.04593228530247E-8,1,14.9888003110469,40.0298881530762,1.97461798890796,18.5100007802248,-1.87238852752997E-6,4.44460356756578E-6,0.25,4.24661863559334E-7,-9.76930372518068E-8,4.25238643113324E-7,247.32731628418,247.32731628418,5000.00732421875,5000.021484375,51.5960801829478,17.8959213692474,37.0430374145508,0,0,0,600,247.349609375,1,4,1,1.95556640625,55.2297172546387,,,,,,,,,,,,,,,,
,3703191661.5845,247.25715637207,5000.0166015625,-3.74258602773647E-8,1.52727498948188E-8,1,14.9888003110469,40.0298881530762,1.97464651185928,18.5100007802248,-1.45629267466871E-6,5.90180647723853E-6,0.25,5.47803055738352E-7,-3.79317708602849E-8,5.48619678514982E-7,247.270950317383,247.270950317383,5000.00732421875,5000.02587890625,51.5960801829478,17.8954451214922,37.0430374145508,0,0,0,600,247.420150756836,1,4,1,1.95693969726562,55.7184753417969,,,,,,,,,,,,,,,,
,3703191703.067,247.255035400391,5000.01171875,,,2,,,,18.5300002685189,,,,,,,247.255035400391,247.255035400391,5000.01171875,5000.01171875,,,37.0544776916504,,,,600,247.935775756836,0,0,0,0.04425048828125,52.7859268188477,,,,,,,,,,,,,,,,
,3703192330.092,257.571716308594,5000.04443359375,,,2,,,,18.5199997267127,,,,,,,257.571716308594,257.571716308594,5000.04443359375,5000.04443359375,,,37.3175964355469,,,,600,259.724090576172,0,0,0,0.04180908203125,52.7859268188477,,,,,,,,,,,,,,,,
,3703192455.9345,257.862777709961,5000.05615234375,-1.25962695356919E-6,1.08037282465095E-7,1,14.9888003110469,40.0298881530762,1.99898036384579,18.5100007802248,-1.47680392196752E-5,2.55645688736038E-6,0.25,4.52783362800649E-7,-1.26153105715918E-6,4.52361628576951E-7,257.903411865234,257.903411865234,5000.0537109375,5000.05859375,51.5179173310247,17.9002174355483,37.3633575439453,0,0,0,600,257.851501464844,1,4,1,1.98486328125,55.2297172546387,,,,,,,,,,,,,,,,
,3703192470.908,257.796142578125,5000.0537109375,-1.24805371695836E-6,1.10452441525394E-7,1,14.9888003110469,40.0298881530762,1.99899814617096,18.5100007802248,-1.46130559389879E-5,2.42212247158532E-6,0.25,4.38570554650233E-7,-1.24993509151738E-6,4.38140879196506E-7,257.822143554687,257.822143554687,5000.048828125,5000.05859375,51.6406330085439,17.8993275085512,37.3404769897461,0,0,0,600,257.926391601562,1,4,1,1.97097778320313,55.7184753417969,,,,,,,,,,,,,,,,
,3703192485.9435,257.757598876953,5000.0537109375,-1.25683838279529E-6,1.01726945821084E-7,1,14.9888003110469,40.0298881530762,1.99901592935361,18.5100007802248,-1.51346005862658E-5,4.82495680047666E-6,0.25,6.57977350003668E-7,-1.25890281770635E-6,6.57812185835065E-7,257.770141601562,257.770141601562,5000.048828125,5000.05859375,51.4788359050631,17.899649408103,37.3633575439453,0,0,0,600,258.000457763672,1,4,1,1.98348999023438,55.7184753417969,,,,,,,,,,,,,,,,
,3703192959.726,264.845306396484,5000.0537109375,,,2,,,,18.5100001162291,,,,,,,264.845306396484,264.845306396484,5000.0537109375,5000.0537109375,,,37.6264801025391,,,,600,267.030090332031,0,0,0,0.041046142578125,52.7859268188477,,,,,,,,,,,,,,,,
,3703193280.386,268.364013671875,5000.03979492188,-2.03677815777625E-6,1.12940026744055E-7,1,14.9888003110469,40.0298881530762,1.9990788704579,18.5000002384186,-2.34114870927976E-5,1.50253966545099E-6,0.25,4.93520506586998E-7,-2.03901401459419E-6,4.92463701915819E-7,268.405731201172,268.405731201172,5000.03515625,5000.04443359375,51.6031148396208,17.9016106084687,37.8209609985352,0,0,0,600,268.420562744141,1,4,1,1.97036743164062,55.7184753417969,,,,,,,,,,,,,,,,
,3703193295.438,268.296005249023,5000.03979492188,-2.02080991622509E-6,1.2644986571636E-7,1,14.9888003110469,40.0298881530762,1.99904373985465,18.5000002384186,-2.29436657800137E-5,-1.28084018221387E-7,0.25,3.42828128192494E-7,-2.02292359889576E-6,3.41645051355477E-7,268.322296142578,268.322296142578,5000.03515625,5000.04443359375,51.6007699540631,17.9033397776609,37.8324012756348,0,0,0,600,268.506072998047,1,4,1,1.97097778320313,55.7184753417969,,,,,,,,,,,,,,,,
,3703193310.3265,268.258712768555,5000.0419921875,-2.17869245423805E-6,1.16464906159961E-7,1,14.9888003110469,40.0298881530762,1.9989847552885,18.5000002384186,-2.49853567421705E-5,1.28613444633475E-6,0.25,4.98790324151061E-7,-2.18106956518053E-6,4.9763396701665E-7,268.269714355469,268.269714355469,5000.03515625,5000.048828125,51.5327682728901,17.9015520005545,37.8438415527344,0,0,0,600,268.577026367187,1,4,1,1.98638916015625,55.7184753417969,,,,,,,,,,,,,,,,
,3703193589.296,272.126098632813,5000.048828125,,,2,,,,18.5100001162291,,,,,,,272.126098632813,272.126098632813,5000.048828125,5000.048828125,,,38.0497627258301,,,,600,274.334320068359,0,0,0,0.042877197265625,52.7859268188477,,,,,,,,,,,,,,,,
,3703194104.741,278.865539550781,5000.11669921875,-2.6047474236102E-6,1.32213859320628E-7,1,14.9888003110469,40.0298881530762,1.99897580963041,18.5000002384186,-2.91377495081968E-5,-2.59007527833374E-6,0.25,2.2178164430515E-7,-2.60647408852378E-6,2.20071343126703E-7,278.907958984375,278.907958984375,5000.10986328125,5000.12353515625,51.6406330085439,17.9042039787537,38.5760078430176,0,0,0,600,278.986694335938,1,4,1,1.98440551757813,55.7184753417969,,,,,,,,,,,,,,,,
,3703194119.7555,278.796524047852,5000.1142578125,-2.6016081286007E-6,1.28321239384881E-7,1,14.9888003110469,40.0298881530762,1.99902798943831,18.5000002384186,-2.94007608563387E-5,-8.91420687116878E-7,0.25,3.75351140731847E-7,-2.60344709698896E-6,3.73735836777987E-7,278.823120117187,278.823120117187,5000.10986328125,5000.11865234375,51.607022982217,17.9050655002213,38.5760078430176,0,0,0,600,279.077575683594,1,4,1,1.98593139648438,56.2072334289551,,,,,,,,,,,,,,,,
,3703194134.7875,278.758636474609,5000.05615234375,-2.53427692120504E-6,1.77211802901328E-7,1,14.9888003110469,40.0298881530762,1.99903112803695,18.5000002384186,-2.8914208459468E-5,6.95721648805248E-7,0.25,5.0753987195905E-7,-2.5361717288939E-6,5.06052466058383E-7,278.769927978516,278.769927978516,4999.99365234375,5000.11865234375,51.5718496988516,17.9047437977538,38.6103286743164,0,0,0,600,279.157806396484,1,4,1,1.96990966796875,56.2072334289551,,,,,,,,,,,,,,,,
,3703194218.677,279.300811767578,4999.99365234375,,,2,,,,18.5199997267127,,,,,,,279.300811767578,279.300811767578,4999.99365234375,4999.99365234375,,,38.6904106140137,,,,600,281.463745117187,0,0,0,0.037841796875,52.7859268188477,,,,,,,,,,,,,,,,
,3703194848.341,289.726593017578,4999.98388671875,,,2,,,,18.5100001162291,,,,,,,289.726593017578,289.726593017578,4999.98388671875,4999.98388671875,,,39.5369758605957,,,,600,290.905212402344,0,0,0,0.04302978515625,52.7859268188477,,,,,,,,,,,,,,,,
,3703194929.1255,289.368576049805,4999.986328125,-2.63730272482722E-6,1.26115865146455E-7,1,14.9888003110469,40.0298881530762,1.9990490793888,18.5000002384186,-2.98648112140068E-5,-5.04262665521051E-7,0.25,4.16638828810068E-7,-2.63834061332309E-6,4.14972314509468E-7,289.413970947266,289.413970947266,4999.98388671875,4999.98876953125,51.4053628242554,17.9030910600521,39.674259185791,0,0,0,600,289.549407958984,1,4,1,1.99203491210938,55.2297172546387,,,,,,,,,,,,,,,,
,3703194944.1895,289.294967651367,4999.99340820313,-2.54939173440923E-6,1.2498124400341E-7,1,14.9888003110469,40.0298881530762,1.99899714933924,18.5000002384186,-2.89201694870523E-5,-1.93660518042398E-7,0.25,4.29413795628801E-7,-2.55041881606969E-6,4.27810896845683E-7,289.323181152344,289.323181152344,4999.98876953125,4999.998046875,51.5374580440055,17.9029740518315,39.6856994628906,0,0,0,600,289.645233154297,1,4,1,1.96945190429687,55.7184753417969,,,,,,,,,,,,,,,,
,3703194959.2755,289.254409790039,4999.998046875,-2.74766543578679E-6,2.29324084109174E-7,1,14.9888003110469,40.0298881530762,1.99901811913099,18.5000002384186,-3.10010363178779E-5,-1.17083615094741E-6,0.25,3.75494359316356E-7,-2.74871664588159E-6,3.7374172847014E-7,289.266754150391,289.266754150391,4999.998046875,4999.998046875,51.4178688805631,17.9031784489832,39.7085800170898,0,0,0,600,289.738189697266,1,4,1,1.96884155273438,55.2297172546387,,,,,,,,,,,,,,,,
,3703195477.952,297.071990966797,4999.99365234375,,,2,,,,18.4999995744228,,,,,,,297.071990966797,297.071990966797,4999.99365234375,4999.99365234375,,,40.6123466491699,,,,600,299.642456054687,0,0,0,0.040740966796875,52.7859268188477,,,,,,,,,,,,,,,,
,3703195753.5585,299.873962402344,4999.99340820313,-2.41344994667982E-6,1.2384146010545E-7,1,14.9888003110469,40.0298881530762,1.99892105963435,18.4899996966124,-2.74839903750972E-5,4.77060908118585E-7,0.25,4.66395655056617E-7,-2.41368239550417E-6,4.64816073448912E-7,299.921081542969,299.921081542969,4999.98876953125,4999.998046875,51.4092709668516,17.8995348541356,41.2072296142578,0,0,0,600,300.099182128906,1,4,1,2.0037841796875,55.7184753417969,,,,,,,,,,,,,,,,
,3703195768.507,299.79638671875,4999.998046875,-2.61468306282948E-6,1.32810421696773E-7,1,14.9888003110469,40.0298881530762,1.99896302094704,18.4899996966124,-2.96382419235946E-5,-2.70493772276463E-7,0.25,4.33804623389013E-7,-2.61489468291953E-6,4.32095900513522E-7,299.826843261719,299.826843261719,4999.998046875,4999.998046875,51.3240734582554,17.9010907470054,41.230110168457,0,0,0,600,300.206939697266,1,4,1,2.00241088867187,56.2072334289551,,,,,,,,,,,,,,,,
,3703195783.5815,299.7529296875,4999.99584960937,-2.47405507709338E-6,1.87073807729255E-7,1,14.9888003110469,40.0298881530762,1.99895384234716,18.4899996966124,-2.78911574272285E-5,-1.12836286632153E-6,0.25,3.31269797631564E-7,-2.47420716882093E-6,3.29655249492771E-7,299.765930175781,299.765930175781,4999.99365234375,4999.998046875,51.5226071021401,17.9002762548511,41.2644309997559,0,0,0,600,300.294281005859,1,4,1,2.00531005859375,55.7184753417969,,,,,,,,,,,,,,,,
