,3705415198.436,51.466682434082,9999.861328125,,,2,,,,17.8199995568395,,,,,,,51.466682434082,51.466682434082,9999.861328125,9999.861328125,,,32.7319412231445,,,,600,51.3464965820313,0,0,0,0.04180908203125,37.6344108581543,,,,,,,,,,,,,,,,
,3705415444.468,52.2381610870361,9999.923828125,0.00107501726323522,1.59835360963643E-7,1,14.9888003110469,40.0298881530762,2.00215007427368,17.7999995648861,0.0118316009140309,0.00216165304335516,0.25,1.4886861488933E-6,0.00107383344585958,8.39548106845158E-6,52.2387161254883,52.2387161254883,9999.9072265625,9999.9404296875,51.3068776308324,18.0629186174173,32.7543678283691,0,0,0,600,51.962085723877,1,4,1,2.0233154296875,47.8983383178711,,,,,,,,,,,,,,,,
,3705415459.4525,52.2379055023193,9999.93359375,0.00107526639239949,1.44768446447475E-7,1,14.9888003110469,40.0298881530762,2.00210054369512,17.7999995648861,0.0118344421229391,0.00216001725692531,0.25,1.29956615095166E-6,0.00107408343619344,8.20816055816556E-6,52.237606048584,52.237606048584,9999.9267578125,9999.9404296875,51.2466922348516,18.064062690652,32.7431526184082,0,0,0,600,51.961799621582,1,4,1,2.02362060546875,47.8983383178711,,,,,,,,,,,,,,,,
,3705415474.4675,52.2379741668701,9999.9287109375,0.00107534421775121,1.54141281623099E-7,1,14.9888003110469,40.0298881530762,2.00206858651151,17.8100001066923,0.0118354851427744,0.00215812436706087,0.25,1.11647435603945E-6,0.00107416237513167,8.0257710626897E-6,52.2382049560547,52.2382049560547,9999.9267578125,9999.9306640625,51.0387790487362,18.0633490418697,32.7431526184082,0,0,0,600,51.9643898010254,1,4,1,2.02346801757813,47.8983383178711,,,,,,,,,,,,,,,,
,3705415828.325,57.3074111938477,10000.046875,,,2,,,,17.7899997940659,,,,,,,57.3074111938477,57.3074111938477,10000.046875,10000.046875,,,33.2813987731934,,,,600,56.9771728515625,0,0,0,0.04302978515625,47.8983383178711,,,,,,,,,,,,,,,,
,3705415909.1615,57.2829608917236,10000.0610351562,0.00102579710393171,1.64153951006396E-7,1,14.9888003110469,40.0298881530762,1.98865802415823,17.7699998021126,0.0112364829284272,0.00203797169279016,0.25,1.43448710411824E-7,0.00102616072149032,6.70098916659938E-6,57.2833709716797,57.2833709716797,10000.056640625,10000.0654296875,51.3248550867747,18.0642627946959,33.2589721679687,0,0,0,600,56.984561920166,1,4,1,1.98638916015625,50.8308906555176,,,,,,,,,,,,,,,,
,3705415924.106,57.2818412780762,10000.0708007813,0.0010262893132201,1.51063737805362E-7,1,14.9888003110469,40.0298881530762,1.98867276341168,17.7699998021126,0.0112422413865942,0.002037357496659,0.25,-3.12354523957489E-9,0.0010266537337514,6.55755619883426E-6,57.2825508117676,57.2825508117676,10000.056640625,10000.0849609375,51.3725344264477,18.0654428979695,33.2477569580078,0,0,0,600,56.9857597351074,1,4,1,1.98699951171875,50.8308906555176,,,,,,,,,,,,,,,,
,3705415939.1105,57.2812671661377,10000.078125,0.00102615067269141,1.53502528916707E-7,1,14.9888003110469,40.0298881530762,1.98866919513013,17.7699998021126,0.011240991747772,0.00203547843640912,0.25,-1.49213639697563E-7,0.00102651581954789,6.41055098204777E-6,57.2811317443848,57.2811317443848,10000.0712890625,10000.0849609375,51.6015515825824,18.0652163212592,33.2477569580078,0,0,0,600,56.9841003417969,1,4,1,1.9805908203125,50.8308906555176,,,,,,,,,,,,,,,,
,3705416328.9095,62.3410930633545,10000.1376953125,0.00098637247759382,1.60722673458951E-7,1,14.9888003110469,40.0298881530762,1.98872618579537,17.7699998021126,0.0108203710598201,0.00195054331810976,0.25,-5.96686137247935E-7,0.000987942675470362,5.39415634972725E-6,62.3438262939453,62.3438262939453,10000.1357421875,10000.1396484375,51.7539691438324,18.0698286891697,33.7075080871582,0,0,0,600,61.9910697937012,1,4,1,1.99676513671875,52.7859268188477,,,,,,,,,,,,,,,,
,3705416343.826,62.3371696472168,10000.1376953125,0.000986127855151048,2.19073374722059E-7,1,14.9888003110469,40.0298881530762,1.98874348681737,17.7699998021126,0.0108182811150305,0.00194723680289918,0.25,-8.55526905498211E-7,0.00098769839842409,5.13373649302086E-6,62.3383598327637,62.3383598327637,10000.1357421875,10000.1396484375,51.6296902092747,18.0698394681426,33.7187194824219,0,0,0,600,61.9947357177734,1,4,1,1.97845458984375,52.7859268188477,,,,,,,,,,,,,,,,
,3705416358.8295,62.3355197906494,10000.142578125,0.000986209624397941,1.54715432331973E-7,1,14.9888003110469,40.0298881530762,1.98870871933002,17.7699998021126,0.0108182134783594,0.00195168290537477,0.25,-4.62090222657027E-7,0.000987777554728858,5.52842798498534E-6,62.3359794616699,62.3359794616699,10000.1357421875,10000.1494140625,51.5288601302939,18.0699693907769,33.7187194824219,0,0,0,600,61.9971580505371,1,4,1,1.98501586914062,52.7859268188477,,,,,,,,,,,,,,,,
,3705416457.75,69.3879776000977,10000.1455078125,,,2,,,,17.7899997940659,,,,,,,69.3879776000977,69.3879776000977,10000.1455078125,10000.1455078125,,,34.2906036376953,,,,600,70.5059967041016,0,0,0,0.04302978515625,49.8533744812012,,,,,,,,,,,,,,,,
,3705416748.5285,67.4093971252441,10000.154296875,0.000951790079159335,1.70648840012803E-7,1,14.9888003110469,40.0298881530762,1.98866142246224,17.7699998021126,0.0104514810052667,0.00187927824250709,0.25,-5.44561376440508E-7,0.00095421740786126,4.78846149372769E-6,67.4126739501953,67.4126739501953,10000.1455078125,10000.1630859375,51.5921720403516,18.0697347957927,34.133617401123,0,0,0,600,67.0109405517578,1,4,1,1.986083984375,53.2746849060059,,,,,,,,,,,,,,,,
,3705416763.4895,67.4043350219727,10000.154296875,0.000952279604941853,1.62570355360972E-7,1,14.9888003110469,40.0298881530762,1.988699034691,17.7699998021126,0.0104573495988122,0.00187853806340124,0.25,-7.03706045025885E-7,0.000954708289571587,4.63213710992423E-6,67.406120300293,67.406120300293,10000.1455078125,10000.1630859375,51.7445896016016,18.0698671484952,34.1224021911621,0,0,0,600,67.0141067504883,1,4,1,1.9805908203125,53.2746849060059,,,,,,,,,,,,,,,,
,3705416778.4665,67.4017295837402,10000.154296875,0.000952334053912263,1.63419244192133E-7,1,14.9888003110469,40.0298881530762,1.98870942072579,17.7699998021126,0.0104579041302664,0.0018791579580728,0.25,-6.5809864617108E-7,0.00095476221847684,4.67841391132871E-6,67.4025497436523,67.4025497436523,10000.1455078125,10000.1630859375,51.667990006717,18.069610563116,34.1224021911621,0,0,0,600,67.0166625976563,1,4,1,1.98104858398438,53.2746849060059,,,,,,,,,,,,,,,,
,3705417087.658,72.5507659912109,10000.056640625,,,2,,,,17.8000003358722,,,,,,,72.5507659912109,72.5507659912109,10000.056640625,10000.056640625,,,34.5373001098633,,,,600,72.1114959716797,0,0,0,0.04364013671875,50.3421325683594,,,,,,,,,,,,,,,,
,3705417183.2595,72.47412109375,10000.06640625,0.00092175136256643,1.92362065731479E-7,1,14.9888003110469,40.0298881530762,1.98861534976673,17.790000885725,0.0101297830173967,0.00181386228140289,0.25,-7.18917741241135E-7,0.000924749788781257,3.97092718763678E-6,72.4762115478516,72.4762115478516,10000.0615234375,10000.0712890625,51.505411274717,18.0714685226044,34.5148735046387,0,0,0,600,72.0798034667969,1,4,1,1.97952270507813,53.2746849060059,,,,,,,,,,,,,,,,
,3705417198.2315,72.4704246520996,10000.0634765625,0.000922324828762135,1.78656250985473E-7,1,14.9888003110469,40.0298881530762,1.98857653830566,17.790000885725,0.0101359970553651,0.00181437705776433,0.25,-7.72429006439535E-7,0.000925324993671629,3.92050642527628E-6,72.4720306396484,72.4720306396484,10000.0615234375,10000.0654296875,51.6961286334093,18.0728468424469,34.5036582946777,0,0,0,600,72.0838241577148,1,4,1,1.98715209960938,52.7859268188477,,,,,,,,,,,,,,,,
,3705417213.2545,72.4689407348633,10000.0634765625,0.000922050359514372,1.90184111680638E-7,1,14.9888003110469,40.0298881530762,1.98856006100144,17.790000885725,0.0101321982413891,0.00181771955338116,0.25,-4.17672012713722E-7,0.000925047667407584,4.27515702618132E-6,72.4688186645508,72.4688186645508,10000.0615234375,10000.0654296875,51.7977403409093,18.0717462548043,34.5148735046387,0,0,0,600,72.0860595703125,1,4,1,1.97998046875,53.7634429931641,,,,,,,,,,,,,,,,
,3705417617.927,77.5404930114746,10000.0732421875,0.000897172852317846,1.81903866803366E-7,1,14.9888003110469,40.0298881530762,1.98850480474393,17.790000885725,0.00986356920575406,0.00176868270506569,0.25,-3.44114227324385E-8,0.000900533149305311,4.087142376958E-6,77.5425796508789,77.5425796508789,10000.0712890625,10000.0751953125,51.7563140293901,18.0713625049307,34.8624877929687,0,0,0,600,77.1425094604492,1,4,1,1.98226928710938,54.2522010803223,,,,,,,,,,,,,,,,
,3705417632.8875,77.5370559692383,10000.0712890625,0.000897063318448362,1.78853062625222E-7,1,14.9888003110469,40.0298881530762,1.98850530386284,17.790000885725,0.0098637222387525,0.00176089718783762,0.25,-7.2321162986861E-7,0.000900426119605618,3.39554918688973E-6,77.5384063720703,77.5384063720703,10000.0712890625,10000.0712890625,51.6609553500439,18.0702106679581,34.8737030029297,0,0,0,600,77.1464462280273,1,4,1,1.98226928710938,53.7634429931641,,,,,,,,,,,,,,,,
,3705417647.95,77.5349464416504,10000.0732421875,0.000897272304426347,1.7707780145695E-7,1,14.9888003110469,40.0298881530762,1.9885378970279,17.790000885725,0.00986583524644189,0.00176321333017785,0.25,-5.52670157053353E-7,0.000900634951162287,3.56786747442109E-6,77.5357055664062,77.5357055664062,10000.0712890625,10000.0751953125,51.6531390648516,18.0716493369162,34.8624877929687,0,0,0,600,77.1481781005859,1,4,1,1.9805908203125,53.7634429931641,,,,,,,,,,,,,,,,
,3705417716.977,80.9200973510742,10000.056640625,,,2,,,,17.8199995568395,,,,,,,80.9200973510742,80.9200973510742,10000.056640625,10000.056640625,,,35.1091842651367,,,,600,90.7567672729492,0,0,0,0.04150390625,50.8308906555176,,,,,,,,,,,,,,,,
,3705417977.6905,82.6719245910644,10000.06640625,0.000874779176268339,2.02122409458331E-7,1,14.9888003110469,40.0298881530762,1.98848005543886,17.8100001066923,0.0096217992027781,0.00171811951745795,0.25,-2.70046756946697E-7,0.00087835873388581,3.34869789184783E-6,82.6830978393555,82.6830978393555,10000.0615234375,10000.0712890625,51.5030663891593,18.071878824954,35.1764640808105,0,0,0,600,82.1936187744141,1,4,1,2.00592041015625,53.7634429931641,,,,,,,,,,,,,,,,
,3705417992.564,82.6514663696289,10000.0615234375,0.000874580713911595,1.83203415615625E-7,1,14.9888003110469,40.0298881530762,1.98851042749317,17.7999995648861,0.0096195415122015,0.00171889179914579,0.25,-1.67916668498152E-7,0.000878158054289797,3.45191997333232E-6,82.6607513427734,82.6607513427734,10000.0615234375,10000.0615234375,51.8149361683324,18.071593266338,35.1652488708496,0,0,0,600,82.1814651489258,1,4,1,1.98867797851562,53.2746849060059,,,,,,,,,,,,,,,,
,3705418007.593,82.634162902832,10000.0615234375,0.000874685265428901,1.8182068505012E-7,1,14.9888003110469,40.0298881530762,1.98851482076291,17.7999995648861,0.00962040145472136,0.00172078282761176,0.25,-1.61315739659643E-8,0.000878261572250387,3.60602406646648E-6,82.6421813964844,82.6421813964844,10000.0615234375,10000.0615234375,51.7867975416401,18.0710732328036,35.1652488708496,0,0,0,600,82.1721801757812,1,4,1,1.98135375976562,53.7634429931641,,,,,,,,,,,,,,,,
,3705418346.401,87.715461730957,10000.0654296875,,,2,,,,17.8199995568395,,,,,,,87.715461730957,87.715461730957,10000.0654296875,10000.0654296875,,,35.4567985534668,,,,600,87.2359924316406,0,0,0,0.0433349609375,51.3196487426758,,,,,,,,,,,,,,,,
touchdown = 9.90999955683947 mm,3705418357.439,87.7001838684082,10000.0703125,0.000855134103449983,1.95506170652415E-7,1,14.9888003110469,40.0298881530762,1.98848128760831,17.7999995648861,0.00940884289204987,0.00167426936263596,0.25,-4.41280131153429E-7,0.000858827753558194,2.75903487401101E-6,87.7339553833008,87.7339553833008,10000.0654296875,10000.0751953125,51.8243157105632,18.0703930935021,35.4567985534668,0,0,0,600,87.2142333984375,1,4,1,2.0062255859375,53.2746849060059,,,,,,,,,,,,,,,,
,3705418387.3955,87.6645736694336,10000.0703125,0.000854857629415256,1.94079895298307E-7,1,14.9888003110469,40.0298881530762,1.98848715391586,17.7999995648861,0.00940551941024758,0.00167538826127881,0.25,-2.92682798456684E-7,0.000858548423555692,2.90946115376397E-6,87.6664123535156,87.6664123535156,10000.0654296875,10000.0751953125,51.4600768206016,18.0720848739306,35.4792251586914,0,0,0,600,87.2128219604492,1,4,1,1.98013305664062,49.8533744812012,,,,,,,,,,,,,,,,
,3705418397.396,87.6569900512695,10000.0703125,0.000854971599112146,1.98115461731207E-7,1,14.9888003110469,40.0298881530762,1.98850054525004,17.7999995648861,0.00940766450057778,0.00167095201126287,0.25,-7.17658335293726E-7,0.000858664241933251,2.4835522527647E-6,87.6627349853516,87.6627349853516,10000.0654296875,10000.0751953125,51.881374592467,18.0729905052146,35.4567985534668,0,0,0,600,87.2121963500977,1,4,1,1.998291015625,52.7859268188477,,,,,,,,,,,,,,,,
,3705418712.091,92.7937507629395,10000.0825195312,0.000838050559061897,2.03609473745007E-7,1,14.9888003110469,40.0298881530762,1.98848498530868,17.7999995648861,0.0092230827978996,0.00163633959208266,0.25,-5.72682867489715E-7,0.000841794951099006,2.27303588414481E-6,92.8008728027344,92.8008728027344,10000.080078125,10000.0849609375,51.9173295043516,18.0730338373314,35.7259216308594,0,0,0,600,92.3377532958984,1,4,1,1.98043823242187,54.2522010803223,,,,,,,,,,,,,,,,
,3705418727.039,92.7780227661133,10000.078125,0.000837323154956088,2.0135093217016E-7,1,14.9888003110469,40.0298881530762,1.98850921135311,17.7999995648861,0.00921496318384039,0.00163616003893881,0.25,-4.61930753149704E-7,0.000841063624541097,2.38264149971256E-6,92.7866287231445,92.7866287231445,10000.0712890625,10000.0849609375,51.7016000330439,18.0744753022976,35.737133026123,0,0,0,600,92.3102798461914,1,4,1,2.01278686523438,54.2522010803223,,,,,,,,,,,,,,,,
,3705418742.031,92.7602386474609,10000.0756835938,0.000837106326711561,2.02764148112435E-7,1,14.9888003110469,40.0298881530762,1.9885317476893,17.8100001066923,0.00921385601798082,0.00162910915500183,0.25,-1.0665272904624E-6,0.000840847547108226,1.77554836011698E-6,92.769416809082,92.769416809082,10000.0712890625,10000.080078125,51.4467891357747,18.0733872160034,35.7259216308594,0,0,0,600,92.2897720336914,1,4,1,1.98165893554687,54.2522010803223,,,,,,,,,,,,,,,,
,3705418841.02,100.08716583252,10000.0849609375,,,2,,,,17.8300000986457,,,,,,,100.08716583252,100.08716583252,10000.0849609375,10000.0849609375,,,36.0511093139648,,,,600,105.596885681152,0,0,0,0.045166015625,51.3196487426758,,,,,,,,,,,,,,,,
,3705419056.823,97.8338394165039,10000.080078125,0.000821738752180464,2.16155491911622E-7,1,14.9888003110469,40.0298881530762,2.00214269768319,17.8100001066923,0.00910600654680185,0.0016001172130739,0.25,-1.67144012847493E-6,0.000825485657697676,8.70666481950494E-7,97.8355178833008,97.8355178833008,10000.0712890625,10000.0888671875,51.586700640717,18.0724572000846,35.983829498291,0,0,0,600,97.4233856201172,1,4,1,2.02239990234375,53.7634429931641,,,,,,,,,,,,,,,,
,3705419071.8455,97.8259582519531,10000.0869140625,0.00082180211940733,2.17140877389516E-7,1,14.9888003110469,40.0298881530762,2.00214596357075,17.8100001066923,0.00910697639407824,0.00159881204269656,0.25,-1.80109227525478E-6,0.000825549634235051,7.4097398973742E-7,97.832160949707,97.832160949707,10000.0849609375,10000.0888671875,51.5984250685055,18.0714129620982,35.9614028930664,0,0,0,600,97.3879928588867,1,4,1,2.02377319335938,54.2522010803223,,,,,,,,,,,,,,,,
,3705419086.834,97.8117561340332,10000.0849609375,0.000822012433188402,2.0899840943593E-7,1,14.9888003110469,40.0298881530762,2.00216302234525,17.8100001066923,0.00910892836443571,0.00160176863904785,0.25,-1.57336495252455E-6,0.000825760051607762,9.71028062286845E-7,97.8197555541992,97.8197555541992,10000.0849609375,10000.0849609375,51.8336952527939,18.0730299482715,35.9614028930664,0,0,0,600,97.3617553710937,1,4,1,2.02316284179687,54.2522010803223,,,,,,,,,,,,,,,,
,3705419401.641,102.875904083252,10000.0336914062,0.000808082228239276,2.34598574252182E-7,1,14.9888003110469,40.0298881530762,2.00224300393559,17.8100001066923,0.0089565797169362,0.00156750266128652,0.25,-1.9939200538713E-6,0.000811803439030795,2.97232758829725E-7,102.872665405273,102.872665405273,10000.029296875,10000.0380859375,51.6304718377939,18.0754910317641,36.1968841552734,0,0,0,600,102.517250061035,1,4,1,2.0245361328125,54.2522010803223,,,,,,,,,,,,,,,,
,3705419416.669,102.876667022705,10000.03125,0.000807877640465005,2.48310589844089E-7,1,14.9888003110469,40.0298881530762,2.00218504186018,17.8100001066923,0.00895418154762761,0.00156641261795508,0.25,-2.0520700615349E-6,0.000811598079302398,2.38203840152509E-7,102.87914276123,102.87914276123,10000.029296875,10000.033203125,51.5280785017747,18.0722447932018,36.1744575500488,0,0,0,600,102.468872070312,1,4,1,2.02392578125,54.2522010803223,,,,,,,,,,,,,,,,
,3705419431.5475,102.868057250977,10000.0380859375,0.000808010385473651,2.4025766090036E-7,1,14.9888003110469,40.0298881530762,2.00216173992077,17.8100001066923,0.00895572592819494,0.00156568160960813,0.25,-2.14038379356847E-6,0.000811731649920672,1.50191003719618E-7,102.87419128418,102.87419128418,10000.033203125,10000.04296875,51.5898271547939,18.0744019540582,36.1968841552734,0,0,0,600,102.435211181641,1,4,1,2.02392578125,54.2522010803223,,,,,,,,,,,,,,,,
,3705419472.973,102.994789123535,10000.029296875,,,2,,,,17.8099999463558,,,,,,,102.994789123535,102.994789123535,10000.029296875,10000.029296875,,,36.2080955505371,,,,600,106.333480834961,0,0,0,0.04150390625,51.3196487426758,,,,,,,,,,,,,,,,
,3705419746.346,107.920345306396,9999.92431640625,0.000793879630756022,2.30921883846901E-7,1,14.9888003110469,40.0298881530762,1.98847132500618,17.7999995648861,0.00874053886556317,0.00153677073121397,0.25,-1.1593772246568E-6,0.000797542382445903,9.18543441695754E-7,107.912910461426,107.912910461426,9999.921875,9999.9267578125,51.9470313880824,18.0775956911935,36.3875122070313,0,0,0,600,107.604095458984,1,4,1,2.00775146484375,54.2522010803223,,,,,,,,,,,,,,,,
,3705419761.3655,107.926956176758,9999.9287109375,0.000794090801102421,2.12194539226255E-7,1,14.9888003110469,40.0298881530762,1.98847873581184,17.7999995648861,0.00874241511291484,0.00153988992049286,0.25,-9.13722964444844E-7,0.000797753879591621,1.16566858457115E-6,107.927780151367,107.927780151367,9999.921875,9999.935546875,51.779762884967,18.0773200353642,36.3987236022949,0,0,0,600,107.552024841309,1,4,1,1.98089599609375,54.2522010803223,,,,,,,,,,,,,,,,
,3705419776.384,107.921501159668,9999.93115234375,0.00079379178126355,2.25369847941065E-7,1,14.9888003110469,40.0298881530762,1.98846096845658,17.7999995648861,0.0087391761545234,0.00153857934421871,0.25,-9.78755452333055E-7,0.000797453653640798,1.09972962423126E-6,107.926132202148,107.926132202148,9999.9267578125,9999.935546875,51.7672568286593,18.0765043353949,36.3875122070313,0,0,0,600,107.509574890137,1,4,1,1.98760986328125,53.7634429931641,,,,,,,,,,,,,,,,
,3705419890.616,116.202667236328,9999.9404296875,,,2,,,,17.8099999463558,,,,,,,116.202667236328,116.202667236328,9999.9404296875,9999.9404296875,,,36.6790618896484,,,,600,118.572448730469,0,0,0,0.03997802734375,50.8308906555176,,,,,,,,,,,,,,,,
,3705420091.112,112.983600616455,10000.0634765625,0.000782329299478619,2.20855268378888E-7,1,14.9888003110469,40.0298881530762,2.00205667467152,17.8100001066923,0.00867154493072525,0.00151063478695483,0.25,-2.2171652154451E-6,0.000785930714086787,-3.26457491297011E-7,112.976623535156,112.976623535156,10000.0615234375,10000.0654296875,51.6515758078132,18.07449145819,36.6005668640137,0,0,0,600,112.67529296875,1,4,1,2.02407836914062,54.2522010803223,,,,,,,,,,,,,,,,
,3705420106.0735,112.990013122559,10000.06640625,0.000781930546968965,2.3077688914098E-7,1,14.9888003110469,40.0298881530762,2.0020083005963,17.7999995648861,0.00866509947014929,0.00152014212073913,0.25,-1.28504209985028E-6,0.000785527839681033,6.08801706314015E-7,112.990577697754,112.990577697754,10000.0615234375,10000.0712890625,51.627345323717,18.0722176275299,36.6005668640137,0,0,0,600,112.615295410156,1,4,1,2.02224731445313,53.7634429931641,,,,,,,,,,,,,,,,
,3705420121.013,112.983818054199,10000.06640625,0.000781979821524847,2.62624517590233E-7,1,14.9888003110469,40.0298881530762,2.00207790379896,17.7999995648861,0.00866580032681559,0.00152103006651125,0.25,-1.21832673649665E-6,0.00078557720194643,6.76116961178878E-7,112.989448547363,112.989448547363,10000.0615234375,10000.0712890625,51.4655482202362,18.0720754234619,36.6229934692383,0,0,0,600,112.569122314453,1,4,1,2.02362060546875,54.2522010803223,,,,,,,,,,,,,,,,
,3705420435.803,118.048751831055,9999.9521484375,0.000769523844505786,2.36059364476631E-7,1,14.9888003110469,40.0298881530762,2.00207883860167,17.7999995648861,0.00853013161817639,0.00148177146563161,0.25,-2.4210427388127E-6,0.000773040888181966,-6.93035060535463E-7,118.041603088379,118.041603088379,9999.94921875,9999.955078125,51.6257820666785,18.0755333001257,36.7799797058105,0,0,0,600,117.759490966797,1,4,1,2.02377319335938,54.2522010803223,,,,,,,,,,,,,,,,
,3705420450.795,118.054096221924,9999.94482421875,0.000769847935241676,2.33067328699074E-7,1,14.9888003110469,40.0298881530762,2.00208935262528,17.7999995648861,0.00853383402843258,0.00148202011514892,0.25,-2.45648024567369E-6,0.000773366503566122,-7.28030829107811E-7,118.05590057373,118.05590057373,9999.9404296875,9999.94921875,51.8321319957555,18.0758944419889,36.7799797058105,0,0,0,600,117.692184448242,1,4,1,2.02392578125,54.2522010803223,,,,,,,,,,,,,,,,
,3705420465.79,118.04536819458,9999.94970703125,0.000769995348303114,2.37791130007423E-7,1,14.9888003110469,40.0298881530762,2.00202944002923,17.7999995648861,0.00853379669667923,0.00149034085803459,0.25,-1.7279153306711E-6,0.00077351299886228,4.40255680952623E-9,118.052291870117,118.052291870117,9999.9404296875,9999.958984375,51.6203106670439,18.0730268375267,36.7799797058105,0,0,0,600,117.643424987793,1,4,1,2.01873779296875,54.7409591674805,,,,,,,,,,,,,,,,
,3705420507.536,118.141716003418,9999.94921875,,,2,,,,17.8000003358722,,,,,,,118.141716003418,118.141716003418,9999.94921875,9999.94921875,,,36.8024063110352,,,,600,121.591644287109,0,0,0,0.04150390625,51.3196487426758,,,,,,,,,,,,,,,,
,3705420780.526,123.106349945068,9999.9287109375,0.000759190315951795,2.37639598351125E-7,1,14.9888003110469,40.0298881530762,1.98851791446384,17.790000885725,0.00835818392086058,0.00146839985560627,0.25,-8.21956694606484E-7,0.000762619199596636,7.76994984477689E-7,123.098747253418,123.098747253418,9999.921875,9999.935546875,51.6007699540631,18.0810326682582,36.9481811523438,0,0,0,600,122.860954284668,1,4,1,1.9976806640625,54.2522010803223,,,,,,,,,,,,,,,,
,3705420795.4985,123.112133026123,9999.94287109375,0.000759736740696688,2.39698297616706E-7,1,14.9888003110469,40.0298881530762,1.98858325299263,17.790000885725,0.00836841933899216,0.00144711046980518,0.25,-2.85666899994519E-6,0.000763172337247163,-1.26587005789925E-6,123.113952636719,123.113952636719,9999.921875,9999.9638671875,51.302187859717,18.0824052661093,36.9481811523438,0,0,0,600,122.786811828613,1,4,1,1.98272705078125,54.2522010803223,,,,,,,,,,,,,,,,
,3705420810.48,123.103416442871,9999.9755859375,0.000759953390706936,2.50642316468067E-7,1,14.9888003110469,40.0298881530762,1.98852588897894,17.790000885725,0.00836848388286548,0.00145932237062127,0.25,-1.7821232341627E-6,0.0007633877707834,-1.85833622790866E-7,123.110313415527,123.110313415527,9999.9638671875,9999.9873046875,51.8946622772939,18.0807625375888,36.9593963623047,0,0,0,600,122.732666015625,1,4,1,1.9818115234375,54.2522010803223,,,,,,,,,,,,,,,,
,3705420924.72,131.062362670898,9999.9775390625,,,2,,,,17.8599998614192,,,,,,,131.062362670898,131.062362670898,9999.9775390625,9999.9775390625,,,37.1612358093262,,,,600,135.105621337891,0,0,0,0.048675537109375,51.3196487426758,,,,,,,,,,,,,,,,
,3705421125.2655,128.175811767578,9999.9892578125,0.00075038852433145,2.32959661839845E-7,1,14.9888003110469,40.0298881530762,1.98849775821855,17.850000411272,0.00826087093825795,0.0014502351972615,0.25,-8.08337427450515E-7,0.000753730894645805,6.73381053992677E-7,128.167831420898,128.167831420898,9999.982421875,9999.99609375,51.5632517851401,18.0846874531496,37.1051712036133,0,0,0,600,127.976928710938,1,4,1,1.97967529296875,54.2522010803223,,,,,,,,,,,,,,,,
,3705421140.2455,128.18106842041,9999.98486328125,0.000750658501488297,2.34590435029955E-7,1,14.9888003110469,40.0298881530762,1.98850947170018,17.8399998694658,0.00826262296505089,0.00145792988814732,0.25,-1.57577972526914E-7,0.000754000732804247,1.32747584236151E-6,128.183792114258,128.183792114258,9999.982421875,9999.9873046875,51.8141545398132,18.0825230733838,37.1051712036133,0,0,0,600,127.894454956055,1,4,1,1.98074340820313,54.2522010803223,,,,,,,,,,,,,,,,
,3705421155.233,128.169914245605,9999.99658203125,0.000749361615852138,2.44800328080747E-7,1,14.9888003110469,40.0298881530762,1.9884959222196,17.850000411272,0.00825076622636668,0.0014414178453333,0.25,-1.4280106435887E-6,0.000752700700246239,4.90240977891739E-8,128.178344726562,128.178344726562,9999.9873046875,10000.005859375,51.2967164600823,18.0818917527934,37.1051712036133,0,0,0,600,127.835739135742,1,4,1,2.005615234375,54.2522010803223,,,,,,,,,,,,,,,,
,3705421515.056,133.212684631348,9999.97802734375,0.000740189941015251,2.53339140086748E-7,1,14.9888003110469,40.0298881530762,1.98847744617932,17.8399998694658,0.00814978024491202,0.00141991399304407,0.25,-1.66547353616719E-6,0.000743434822058323,-2.93425252908338E-7,133.223388671875,133.223388671875,9999.96875,9999.9873046875,51.5843557551593,18.0792760977195,37.2845840454102,0,0,0,600,132.849502563477,1,4,1,1.98074340820313,54.2522010803223,,,,,,,,,,,,,,,,
,3705421530.0625,133.189247131348,9999.9892578125,0.000740129710629081,2.49822678606507E-7,1,14.9888003110469,40.0298881530762,1.98852799418436,17.850000411272,0.00814982821360699,0.0014169372931889,0.25,-1.9288326256455E-6,0.000743375085103674,-5.57674376977398E-7,133.20198059082,133.20198059082,9999.9873046875,9999.9912109375,51.6961286334093,18.0821103420823,37.2733726501465,0,0,0,600,132.817443847656,1,4,1,2.00057983398438,54.2522010803223,,,,,,,,,,,,,,,,
,3705421554.245,133.157287597656,9999.982421875,,,2,,,,17.8199995568395,,,,,,,133.157287597656,133.157287597656,9999.982421875,9999.982421875,,,37.2845840454102,,,,600,132.783569335938,0,0,0,0.04364013671875,51.3196487426758,,,,,,,,,,,,,,,,
touchdown = 9.90999955683947 mm,3705421565.267,133.141189575195,9999.99365234375,0.00074083063482303,2.42677433180986E-7,1,14.9888003110469,40.0298881530762,1.98851257849126,17.7999995648861,0.00815755423460045,0.00141791853412388,0.25,-1.96334005018273E-6,0.000744079690127993,-5.90254862738127E-7,133.176513671875,133.176513671875,9999.9912109375,9999.99609375,51.6406330085439,18.08007476996,37.2733726501465,0,0,0,600,132.762557983398,1,4,1,1.9818115234375,53.2746849060059,,,,,,,,,,,,,,,,
,3705421934.7475,138.294494628906,9999.93603515625,0.000732224345122457,2.34238662000031E-7,1,14.9888003110469,40.0298881530762,1.9885146518967,17.8100001066923,0.00806002568238284,0.00141322270475784,0.25,-7.83099854292986E-7,0.000735372511512169,5.01803803700032E-7,138.307647705078,138.307647705078,9999.9267578125,9999.9453125,51.3014062311977,18.0829801979466,37.4191436767578,0,0,0,600,137.826263427734,1,4,1,1.98822021484375,54.7409591674805,,,,,,,,,,,,,,,,
,3705421949.7125,138.267761230469,9999.92431640625,0.000732762105279124,2.47133498430477E-7,1,14.9888003110469,40.0298881530762,1.98847758552384,17.7999995648861,0.00806880867492535,0.00139721725650562,0.25,-2.33047872250761E-6,0.000735915638400248,-1.05090090836281E-6,138.281341552734,138.281341552734,9999.921875,9999.9267578125,51.4788359050631,18.081435540705,37.4303588867188,0,0,0,600,137.792282104492,1,4,1,1.97799682617187,54.7409591674805,,,,,,,,,,,,,,,,
,3705421964.741,138.241386413574,9999.92431640625,0.000732776714436115,2.4711787174657E-7,1,14.9888003110469,40.0298881530762,1.98844520174272,17.7999995648861,0.00806782467669806,0.00140302523621369,0.25,-1.80376887071159E-6,0.000735929711725096,-5.21528142673E-7,138.254180908203,138.254180908203,9999.921875,9999.9267578125,52.1658873734671,18.0810012600719,37.4079322814941,0,0,0,600,137.764755249023,1,4,1,1.98089599609375,54.2522010803223,,,,,,,,,,,,,,,,
,3705422078.733,145.977127075195,9999.9267578125,,,2,,,,17.8099999463558,,,,,,,145.977127075195,145.977127075195,9999.9267578125,9999.9267578125,,,37.587345123291,,,,600,151.256439208984,0,0,0,0.0445556640625,51.3196487426758,,,,,,,,,,,,,,,,
,3705422324.451,143.365844726562,9999.93359375,0.000723032208384183,2.40622003003511E-7,1,14.9888003110469,40.0298881530762,2.00196498865705,17.7999995648861,0.00801256933735999,0.00138552129860092,0.25,-2.40389634896451E-6,0.000726078687325772,-1.2090717273442E-6,143.379928588867,143.379928588867,9999.9267578125,9999.9404296875,51.8172810538901,18.0764029600696,37.5424919128418,0,0,0,600,142.787994384766,1,4,1,2.02392578125,54.2522010803223,,,,,,,,,,,,,,,,
,3705422339.3725,143.337104797363,9999.98681640625,0.000723706749249312,2.84144285790131E-7,1,14.9888003110469,40.0298881530762,2.00199748998672,17.7999995648861,0.00801893171732963,0.00139387127189052,0.25,-1.77129187794676E-6,0.000726755395144492,-5.72321438060032E-7,143.351760864258,143.351760864258,9999.9267578125,10000.046875,51.5749762129285,18.0766358875648,37.5537071228027,0,0,0,600,142.749862670898,1,4,1,2.02346801757813,54.2522010803223,,,,,,,,,,,,,,,,
,3705422354.3705,143.309120178223,10000.0493164062,0.000724109639968048,2.46689381076733E-7,1,14.9888003110469,40.0298881530762,2.00204417141227,17.7999995648861,0.00802393914572399,0.00139262856671093,0.25,-1.95773890443961E-6,0.000727160665083664,-7.5853091320196E-7,143.322448730469,143.322448730469,10000.046875,10000.0517578125,51.6844042056209,18.0771885303728,37.5537071228027,0,0,0,600,142.722305297852,1,4,1,2.02651977539062,54.2522010803223,,,,,,,,,,,,,,,,
,3705422708.174,148.450241088867,9999.94921875,,,2,,,,17.8300000986457,,,,,,,148.450241088867,148.450241088867,9999.94921875,9999.94921875,,,37.6770553588867,,,,600,147.825805664062,0,0,0,0.046539306640625,51.3196487426758,,,,,,,,,,,,,,,,
,3705422749.412,148.363807678223,9999.9638671875,0.000716842666517817,2.35434409236785E-7,1,14.9888003110469,40.0298881530762,1.98867749940551,17.8100001066923,0.00789300118412621,0.00136563091838432,0.25,-2.25545833640459E-6,0.000719794654990511,-1.12908511582562E-6,148.367446899414,148.367446899414,9999.9638671875,9999.9638671875,51.6351616089093,18.0819576588796,37.6882667541504,0,0,0,600,147.712997436523,1,4,1,1.99920654296875,53.2746849060059,,,,,,,,,,,,,,,,
,3705422759.1435,148.347541809082,9999.9638671875,0.000717257703736723,2.35365163390906E-7,1,14.9888003110469,40.0298881530762,1.98860143735009,17.8100001066923,0.0078965263395778,0.00137068471642145,0.25,-1.86506433453393E-6,0.000720211009646062,-7.36246131076638E-7,148.360168457031,148.360168457031,9999.9638671875,9999.9638671875,51.3357978860439,18.0827815853486,37.6882667541504,0,0,0,600,147.693634033203,1,4,1,1.990966796875,53.7634429931641,,,,,,,,,,,,,,,,
,3705422774.0685,148.324554443359,9999.9638671875,0.000717197074387543,2.37252587810932E-7,1,14.9888003110469,40.0298881530762,1.98855629359154,17.8100001066923,0.00789689920341262,0.00136369097333129,0.25,-2.48756258933651E-6,0.000720151440778618,-1.36114436440752E-6,148.334915161133,148.334915161133,9999.9638671875,9999.9638671875,51.4319381939093,18.0787422209284,37.6882667541504,0,0,0,600,147.681030273438,1,4,1,1.99798583984375,53.7634429931641,,,,,,,,,,,,,,,,
,3705423133.913,153.495704650879,10000.01953125,0.000709583394089835,2.43127991173662E-7,1,14.9888003110469,40.0298881530762,1.98859097999401,17.8100001066923,0.00781290819671566,0.00134611640970564,0.25,-2.67778852444638E-6,0.000712432667695695,-1.61844788038887E-6,153.511474609375,153.511474609375,10000.009765625,10000.029296875,51.586700640717,18.0802983910235,37.8003997802734,0,0,0,600,152.900527954102,1,4,1,1.98974609375,59.1397857666016,,,,,,,,,,,,,,,,
,3705423148.816,153.463104248047,10000.0244140625,0.000709856140051279,2.55190851424339E-7,1,14.9888003110469,40.0298881530762,1.98859457633614,17.8100001066923,0.007815793414517,0.00134741219558953,0.25,-2.60869502610544E-6,0.000712706882596835,-1.54834122134498E-6,153.479934692383,153.479934692383,10000.01953125,10000.029296875,51.8673052791209,18.0802284318492,37.8116149902344,0,0,0,600,152.858901977539,1,4,1,1.9830322265625,54.2522010803223,,,,,,,,,,,,,,,,
,3705423163.7935,153.431602478027,10000.0170898438,0.000710430438650995,3.07700783533941E-7,1,14.9888003110469,40.0298881530762,1.98856617681171,17.8100001066923,0.00782123942230127,0.00135289017640953,0.25,-2.2107508604831E-6,0.000713283347458643,-1.14762023931468E-6,153.446273803711,153.446273803711,10000.0146484375,10000.01953125,51.5882638977555,18.0816951369681,37.8116149902344,0,0,0,600,152.828506469727,1,4,1,2.000732421875,54.2522010803223,,,,,,,,,,,,,,,,
,3705423277.724,160.953384399414,10000.01953125,,,2,,,,17.8099999463558,,,,,,,160.953384399414,160.953384399414,10000.01953125,10000.01953125,,,37.946174621582,,,,600,167.160217285156,0,0,0,0.04547119140625,51.808406829834,,,,,,,,,,,,,,,,
,3705423538.518,158.497596740723,10000.0102539062,0.000702381126484065,2.30461913850711E-7,1,14.9888003110469,40.0298881530762,1.98852119442956,17.7999995648861,0.00773061907214003,0.00134312704622525,0.25,-1.61663450476235E-6,0.000705125489124253,-6.10976831566288E-7,158.513809204102,158.513809204102,10000.005859375,10000.0146484375,51.5773210984862,18.0830595625532,37.9237480163574,0,0,0,600,158.022659301758,1,4,1,1.98822021484375,54.7409591674805,,,,,,,,,,,,,,,,
,3705423553.558,158.466117858887,10000.0122070312,0.000703777944322147,2.37205359537588E-7,1,14.9888003110469,40.0298881530762,1.98842678035522,17.7999995648861,0.00774705534620627,0.00133775009040196,0.25,-2.34624152878359E-6,0.00070652929108783,-1.34113719974587E-6,158.481384277344,158.481384277344,10000.009765625,10000.0146484375,51.495250103967,18.0791871952459,37.9125366210937,0,0,0,600,157.99560546875,1,4,1,1.98959350585938,54.2522010803223,,,,,,,,,,,,,,,,
,3705423568.499,158.438537597656,10000.0078125,0.00070394497211738,2.30495694873246E-7,1,14.9888003110469,40.0298881530762,1.98848774712053,17.7999995648861,0.00774813693464516,0.00134371449650452,0.25,-1.83738550217123E-6,0.000706696657971283,-8.2980558065491E-7,158.45085144043,158.45085144043,10000.005859375,10000.009765625,51.9634455869863,18.0816904366785,37.9237480163574,0,0,0,600,157.978210449219,1,4,1,1.98318481445313,54.2522010803223,,,,,,,,,,,,,,,,
,3705423907.267,163.634185791016,10000.005859375,,,2,,,,17.8300000986457,,,,,,,163.634185791016,163.634185791016,10000.005859375,10000.005859375,,,38.0470962524414,,,,600,163.405410766602,0,0,0,0.037994384765625,51.3196487426758,,,,,,,,,,,,,,,,
,3705423948.328,163.542846679687,10000.0122070312,0.000699441519051775,2.11788094353267E-7,1,14.9888003110469,40.0298881530762,1.98856753846644,17.8100001066923,0.00770079051365673,0.00131915198350152,0.25,-3.22451913819931E-6,0.000702098683408566,-2.27220493696725E-6,163.548538208008,163.548538208008,10000.009765625,10000.0146484375,51.6234371811209,18.0785172241294,38.0358810424805,0,0,0,600,163.219146728516,1,4,1,1.99951171875,53.2746849060059,,,,,,,,,,,,,,,,
,3705423958.2485,163.521362304687,10000.009765625,0.000697970096453281,2.33855122107947E-7,1,14.9888003110469,40.0298881530762,1.98851209002607,17.8100001066923,0.00768207882291854,0.0013294722208238,0.25,-2.02438473291652E-6,0.000700620362833034,-1.06937372782804E-6,163.537155151367,163.537155151367,10000.009765625,10000.009765625,51.5554354999478,18.0770984735544,38.0246696472168,0,0,0,600,163.191513061523,1,4,1,1.9854736328125,53.7634429931641,,,,,,,,,,,,,,,,
,3705423973.273,163.492080688477,10000.0053710938,0.000697850089540561,2.37562892042834E-7,1,14.9888003110469,40.0298881530762,1.98861163945905,17.8100001066923,0.00768082506367276,0.00133103169430012,0.25,-1.86757090451579E-6,0.000700500144316326,-9.11892924335705E-7,163.505569458008,163.505569458008,10000.0009765625,10000.009765625,51.5476192147555,18.0801185156066,38.0470962524414,0,0,0,600,163.173614501953,1,4,1,1.98532104492187,53.7634429931641,,,,,,,,,,,,,,,,
,3705424347.9535,168.60432434082,10000.0126953125,0.000691598068738123,2.3110293826336E-7,1,14.9888003110469,40.0298881530762,1.9886416452833,17.8100001066923,0.00761224121648872,0.00131324614902145,0.25,-2.33208730600173E-6,0.000694144046390528,-1.42605167465535E-6,168.621810913086,168.621810913086,10000.005859375,10000.01953125,51.7805445134862,18.0779412774029,38.1368026733398,0,0,0,600,168.330352783203,1,4,1,1.97967529296875,54.2522010803223,,,,,,,,,,,,,,,,
,3705424362.9655,168.570922851562,10000.005859375,0.000691473376368168,2.37404423598739E-7,1,14.9888003110469,40.0298881530762,1.98858451063358,17.8100001066923,0.00761046706700259,0.00131410942109363,0.25,-2.2287398422139E-6,0.000694019296798386,-1.32224395437235E-6,168.586837768555,168.586837768555,10000.005859375,10000.005859375,51.7344284308516,18.0779565449278,38.1480178833008,0,0,0,600,168.303146362305,1,4,1,1.99630737304687,54.2522010803223,,,,,,,,,,,,,,,,
,3705424377.904,168.540863037109,10000.0126953125,0.00069121878125116,2.36242397850396E-7,1,14.9888003110469,40.0298881530762,1.98860793987175,17.8100001066923,0.00760870991679922,0.00130821797108014,0.25,-2.72115904107302E-6,0.000693764900750833,-1.81659053224881E-6,168.55500793457,168.55500793457,10000.005859375,10000.01953125,51.7250488886209,18.0797920089053,38.1368026733398,0,0,0,600,168.29118347168,1,4,1,1.99813842773438,54.2522010803223,,,,,,,,,,,,,,,,
,3705424491.775,175.853210449219,10000.0615234375,,,2,,,,17.8300000986457,,,,,,,175.853210449219,175.853210449219,10000.0615234375,10000.0615234375,,,38.2601509094238,,,,600,182.504302978516,0,0,0,0.043487548828125,51.3196487426758,,,,,,,,,,,,,,,,
,3705424752.6605,173.646896362305,10000.0244140625,0.000686072420093569,2.20224660164817E-7,1,14.9888003110469,40.0298881530762,1.98857573804295,17.8100001066923,0.00755091363336333,0.00129899148479234,0.25,-2.60250959729844E-6,0.000688516602187063,-1.73989423913614E-6,173.66535949707,173.66535949707,10000.01953125,10000.029296875,51.8063382546209,18.0768611937043,38.2489395141602,0,0,0,600,173.400161743164,1,4,1,1.98867797851562,54.2522010803223,,,,,,,,,,,,,,,,
,3705424767.686,173.613037109375,10000.01953125,0.000687390802367665,2.25436311014694E-7,1,14.9888003110469,40.0298881530762,1.9885671472201,17.8100001066923,0.00756334092512281,0.00131317992613215,0.25,-1.54428258485912E-6,0.000689838888306164,-6.7599968408624E-7,173.628433227539,173.628433227539,10000.009765625,10000.029296875,51.8790297069093,18.0756268347314,38.2377243041992,0,0,0,600,173.373779296875,1,4,1,1.98928833007813,54.7409591674805,,,,,,,,,,,,,,,,
,3705424782.704,173.583030700684,10000.01953125,0.000686728976910157,2.36553185632187E-7,1,14.9888003110469,40.0298881530762,1.98852380978425,17.8100001066923,0.00755675046662706,0.00130709960209996,0.25,-1.97849143106526E-6,0.000689175753881146,-1.11239401673975E-6,173.597640991211,173.597640991211,10000.009765625,10000.029296875,51.6922204908132,18.0779890954461,38.2377243041992,0,0,0,600,173.36328125,1,4,1,1.9873046875,54.2522010803223,,,,,,,,,,,,,,,,
,3705425121.302,178.802215576172,10000.029296875,,,2,,,,17.8000003358722,,,,,,,178.802215576172,178.802215576172,10000.029296875,10000.029296875,,,38.3498573303223,,,,600,178.650344848633,0,0,0,0.04425048828125,51.3196487426758,,,,,,,,,,,,,,,,
,3705425162.326,178.697845458984,10000.0424804688,0.000680517288367992,2.42552728654868E-7,1,14.9888003110469,40.0298881530762,2.0019029923252,17.790000885725,0.0075355327993698,0.00130215306276938,0.25,-2.03994395009306E-6,0.000682857405250121,-1.21451272222337E-6,178.704193115234,178.704193115234,10000.0380859375,10000.046875,51.7445896016016,18.0750350862217,38.3386459350586,0,0,0,600,178.450775146484,1,4,1,2.02774047851562,53.7634429931641,,,,,,,,,,,,,,,,
,3705425172.3235,178.674629211426,10000.03515625,0.000679832469719327,2.09419443970138E-7,1,14.9888003110469,40.0298881530762,2.00192955467395,17.790000885725,0.00753017630152054,0.0012887638735499,0.25,-3.13095122595053E-6,0.000682171957777449,-2.30996444133858E-6,178.691497802734,178.691497802734,10000.0234375,10000.046875,51.9392151028901,18.0735595722632,38.3498573303223,0,0,0,600,178.426696777344,1,4,1,2.02713012695313,53.7634429931641,,,,,,,,,,,,,,,,
,3705425187.331,178.643493652344,10000.021484375,0.000681269744408975,2.25394771528592E-7,1,14.9888003110469,40.0298881530762,2.00192065744148,17.7999995648861,0.0075452402030393,0.00129620310256149,0.25,-2.71137487226062E-6,0.000683614179700492,-1.88699831262953E-6,178.657760620117,178.657760620117,10000.01953125,10000.0234375,51.5296417588132,18.0757924362442,38.3498573303223,0,0,0,600,178.416152954102,1,4,1,2.02407836914062,54.2522010803223,,,,,,,,,,,,,,,,
,3705425562.0775,183.74201965332,10000.0424804688,0.000675778958719988,2.17684117657508E-7,1,14.9888003110469,40.0298881530762,2.00180943782806,17.7999995648861,0.00748216809562522,0.00129073957678699,0.25,-2.18855425041132E-6,0.000678017989312969,-1.3987882837396E-6,183.761337280273,183.761337280273,10000.033203125,10000.0517578125,51.8462013091016,18.0792128492091,38.4395637512207,0,0,0,600,183.481246948242,1,4,1,2.01858520507813,54.7409591674805,,,,,,,,,,,,,,,,
,3705425577.1075,183.706100463867,10000.0424804688,0.000677202759686061,2.21158630524591E-7,1,14.9888003110469,40.0298881530762,2.00180110144246,17.790000885725,0.00749641697386367,0.00130194241779947,0.25,-1.42636533687608E-6,0.00067944621658756,-6.32195631223453E-7,183.722702026367,183.722702026367,10000.033203125,10000.0517578125,51.952502787717,18.0798452783791,38.4395637512207,0,0,0,600,183.45622253418,1,4,1,2.02468872070313,54.2522010803223,,,,,,,,,,,,,,,,
,3705425592.047,183.675834655762,10000.0283203125,0.000675839275945046,2.26657975028147E-7,1,14.9888003110469,40.0298881530762,2.00181879680665,17.790000885725,0.00747984565195997,0.0013081273647308,0.25,-6.28918484053601E-7,0.000678077793912052,1.66453195363276E-7,183.689498901367,183.689498901367,10000.0234375,10000.033203125,51.7821077705247,18.0771746866312,38.428352355957,0,0,0,600,183.448608398438,1,4,1,2.02606201171875,54.7409591674805,,,,,,,,,,,,,,,,
,3705425706.026,190.899505615234,10000.0380859375,,,2,,,,17.7899997940659,,,,,,,190.899505615234,190.899505615234,10000.0380859375,10000.0380859375,,,38.5292739868164,,,,600,197.78515625,0,0,0,0.04241943359375,51.3196487426758,,,,,,,,,,,,,,,,
,3705425981.697,188.763916015625,10000.119140625,0.000671254826830222,2.29010953042572E-7,1,14.9888003110469,40.0298881530762,2.00187387993402,17.7699998021126,0.00743110905922941,0.00128337653527412,0.25,-2.02018564533483E-6,0.000673392752072246,-1.26208296371997E-6,188.780654907227,188.780654907227,10000.1123046875,10000.1259765625,51.6445411511401,18.0766277889187,38.5292739868164,0,0,0,600,188.517715454102,1,4,1,2.02102661132813,54.7409591674805,,,,,,,,,,,,,,,,
,3705425996.7,188.733139038086,10000.1235351562,0.00067179695071875,2.43671595027584E-7,1,14.9888003110469,40.0298881530762,2.00187997665433,17.7699998021126,0.00743746632125125,0.00128255024768979,0.25,-2.19075765556516E-6,0.000673937327579244,-1.43242152582215E-6,188.747177124023,188.747177124023,10000.12109375,10000.1259765625,51.6101494962939,18.0784048393737,38.5180587768555,0,0,0,600,188.50927734375,1,4,1,2.02392578125,54.7409591674805,,,,,,,,,,,,,,,,
,3705426011.6905,188.708168029785,10000.119140625,0.000670046673934411,2.35904671185176E-7,1,14.9888003110469,40.0298881530762,2.00186156507539,17.7699998021126,0.00741809207952276,0.00127883957281162,0.25,-2.21760809879272E-6,0.000672181942343639,-1.46122288434036E-6,188.719100952148,188.719100952148,10000.1171875,10000.12109375,51.7383365734478,18.0771753170369,38.5180587768555,0,0,0,600,188.510528564453,1,4,1,2.02438354492187,54.7409591674805,,,,,,,,,,,,,,,,
,3705426335.559,193.958358764648,9999.94921875,,,2,,,,17.7800001835823,,,,,,,193.958358764648,193.958358764648,9999.94921875,9999.94921875,,,38.6077651977539,,,,600,193.955291748047,0,0,0,0.040740966796875,51.808406829834,,,,,,,,,,,,,,,,
,3705426401.407,193.815330505371,9999.9453125,0.000666437646784147,2.19694021545952E-7,1,14.9888003110469,40.0298881530762,1.98839811240317,17.7699998021126,0.00732955611471997,0.00126630123626749,0.25,-1.93977864568518E-6,0.000668472600289514,-1.21183844411288E-6,193.832336425781,193.832336425781,9999.9453125,9999.9453125,51.5984250685055,18.0802319457858,38.6077651977539,0,0,0,600,193.584411621094,1,4,1,1.99920654296875,54.2522010803223,,,,,,,,,,,,,,,,
,3705426416.402,193.785430908203,9999.9453125,0.000665378642986697,2.21444695954107E-7,1,14.9888003110469,40.0298881530762,1.98840230850717,17.7699998021126,0.00731849980795946,0.00126104772816427,0.25,-2.23202287028991E-6,0.000667411210367997,-1.50599837264855E-6,193.798324584961,193.798324584961,9999.9453125,9999.9453125,51.7008184045247,18.0810560850984,38.6077651977539,0,0,0,600,193.574722290039,1,4,1,1.98974609375,54.2522010803223,,,,,,,,,,,,,,,,
,3705426431.423,193.762657165527,9999.94287109375,0.000666210006418156,2.28082215259814E-7,1,14.9888003110469,40.0298881530762,1.98845907574906,17.7699998021126,0.00732901434254083,0.00125601812426266,0.25,-2.83897379973103E-6,0.000668246177216727,-2.11377763378545E-6,193.772537231445,193.772537231445,9999.9404296875,9999.9453125,51.8133729112939,18.0808201557318,38.6077651977539,0,0,0,600,193.573806762695,1,4,1,1.99050903320313,54.2522010803223,,,,,,,,,,,,,,,,
,3705426821.171,198.87134552002,9999.970703125,0.00066204403582621,2.23632236136798E-7,1,14.9888003110469,40.0298881530762,1.98841802859622,17.7699998021126,0.00728069598597016,0.00125572397060269,0.25,-2.09241937008988E-6,0.000663977098632196,-1.39283862569131E-6,198.887893676758,198.887893676758,9999.96875,9999.97265625,51.5452743291978,18.0805287886192,38.6974754333496,0,0,0,600,198.655960083008,1,4,1,1.99005126953125,54.7409591674805,,,,,,,,,,,,,,,,
,3705426836.1535,198.841758728027,9999.96875,0.000659925523181085,2.20975898742041E-7,1,14.9888003110469,40.0298881530762,1.98842110532652,17.7699998021126,0.0072588882687375,0.00124332176555281,0.25,-2.84889706831093E-6,0.000661853735418577,-2.15365144579037E-6,198.854797363281,198.854797363281,9999.96875,9999.96875,51.911858104717,18.0800698502122,38.6974754333496,0,0,0,600,198.644592285156,1,4,1,2.000732421875,54.7409591674805,,,,,,,,,,,,,,,,
,3705426851.143,198.81876373291,9999.97802734375,0.000661632558975376,2.2524127683977E-7,1,14.9888003110469,40.0298881530762,1.98842235469981,17.7699998021126,0.00727770701616998,0.00124634986671287,0.25,-2.87361094516988E-6,0.000663566183892093,-2.17651676152759E-6,198.828720092773,198.828720092773,9999.96875,9999.9873046875,51.7383365734478,18.0810987581309,38.7086868286133,0,0,0,600,198.644973754883,1,4,1,1.98837280273438,54.2522010803223,,,,,,,,,,,,,,,,
,3705426965.143,205.950088500977,9999.97265625,,,2,,,,17.8099999463558,,,,,,,205.950088500977,205.950088500977,9999.97265625,9999.97265625,,,38.787181854248,,,,600,212.916976928711,0,0,0,0.046844482421875,51.808406829834,,,,,,,,,,,,,,,,
,3705427240.856,203.918403625488,9999.99609375,0.000657236152500626,2.24217650563983E-7,1,14.9888003110469,40.0298881530762,1.98830072884173,17.8100001066923,0.00722622851131463,0.00124755483416041,0.25,-1.94756582956176E-6,0.000659065731974295,-1.27403718272053E-6,203.934448242187,203.934448242187,9999.9912109375,10000.0009765625,51.4663298487554,18.0857591632,38.7759666442871,0,0,0,600,203.735580444336,1,4,1,2.00729370117187,54.7409591674805,,,,,,,,,,,,,,,,
,3705427255.8345,203.889183044434,9999.99365234375,0.000658825295160854,2.16744038432946E-7,1,14.9888003110469,40.0298881530762,1.98830332284996,17.7999995648861,0.00724508046243369,0.00124280579818102,0.25,-2.6592783798934E-6,0.000660660551159886,-1.98596786101836E-6,203.902359008789,203.902359008789,9999.9912109375,9999.99609375,51.7438079730824,18.0850806681454,38.787181854248,0,0,0,600,203.727035522461,1,4,1,2.0074462890625,54.7409591674805,,,,,,,,,,,,,,,,
,3705427270.8515,203.866630554199,9999.99365234375,0.000658289267390259,2.23039548714978E-7,1,14.9888003110469,40.0298881530762,1.98837027897739,17.7999995648861,0.0072361726899229,0.00126032877226349,0.25,-9.74367845940252E-7,0.000660121694156798,-2.96831562447125E-7,203.876007080078,203.876007080078,9999.9912109375,9999.99609375,51.4975949895247,18.0846150276764,38.7647552490234,0,0,0,600,203.730346679687,1,4,1,1.98196411132813,54.7409591674805,,,,,,,,,,,,,,,,
,3705427594.6,209.081436157227,9999.9912109375,,,2,,,,17.7899997940659,,,,,,,209.081436157227,209.081436157227,9999.9912109375,9999.9912109375,,,38.8544616699219,,,,600,209.178268432617,0,0,0,0.045318603515625,51.808406829834,,,,,,,,,,,,,,,,
,3705427660.632,208.95760345459,9999.9892578125,0.000652881391269119,2.25618449710123E-7,1,14.9888003110469,40.0298881530762,2.00190595931478,17.7699998021126,0.0072244871833262,0.001244440961425,0.25,-2.16160456928206E-6,0.000654609174043021,-1.51296928982256E-6,208.971908569336,208.971908569336,9999.9873046875,9999.9912109375,51.5898271547939,18.0803639673912,38.8432464599609,0,0,0,600,208.834243774414,1,4,1,2.02545166015625,54.2522010803223,,,,,,,,,,,,,,,,
,3705427675.538,208.932441711426,9999.9892578125,0.000652600207439201,2.12581069129013E-7,1,14.9888003110469,40.0298881530762,2.00189997398078,17.7699998021126,0.00722545842960883,0.00122057259520765,0.25,-4.27032378203978E-6,0.000654329812638058,-3.6274495704671E-6,208.943298339844,208.943298339844,9999.9873046875,9999.9912109375,51.6218739240824,18.0793665029187,38.8656768798828,0,0,0,600,208.833633422852,1,4,1,2.0245361328125,54.2522010803223,,,,,,,,,,,,,,,,
,3705427690.4555,208.913818359375,9999.98486328125,0.000653787922681405,2.41951885126155E-7,1,14.9888003110469,40.0298881530762,2.00187856308842,17.7699998021126,0.00723383579428865,0.00124955482000111,0.25,-1.85727467295548E-6,0.000655518584079631,-1.20675920389808E-6,208.921585083008,208.921585083008,9999.982421875,9999.9873046875,51.5601252710631,18.0785777599156,38.8544616699219,0,0,0,600,208.841110229492,1,4,1,2.02407836914062,54.7409591674805,,,,,,,,,,,,,,,,
,3705428080.258,213.982162475586,9999.99365234375,0.00064955663238645,2.27802304669476E-7,1,14.9888003110469,40.0298881530762,2.00193535903781,17.7699998021126,0.00718692800906147,0.00123721611278465,0.25,-2.19827596191119E-6,0.000651185267824968,-1.57150842689163E-6,213.993850708008,213.993850708008,9999.9912109375,9999.99609375,51.891535763217,18.0798631592287,38.9329566955566,0,0,0,600,213.937316894531,1,4,1,2.02606201171875,54.7409591674805,,,,,,,,,,,,,,,,
,3705428095.235,213.962364196777,10000.0009765625,0.000648246448427141,2.06590954523762E-7,1,14.9888003110469,40.0298881530762,2.00187511253113,17.7699998021126,0.00716891905711041,0.00125354143258904,0.25,-4.88693059880272E-7,0.000649870496567849,1.41151231620303E-7,213.970474243164,213.970474243164,9999.99609375,10000.005859375,51.8547992228132,18.0794516402824,38.9441680908203,0,0,0,600,213.945068359375,1,4,1,2.02529907226562,54.7409591674805,,,,,,,,,,,,,,,,
,3705428110.171,213.949356079102,9999.99658203125,0.000649266598219159,2.22401486207333E-7,1,14.9888003110469,40.0298881530762,2.00190817584405,17.7699998021126,0.00718357400185731,0.00123698439094263,0.25,-2.16706951636083E-6,0.00065089507066189,-1.54038940410651E-6,213.954254150391,213.954254150391,9999.9873046875,10000.005859375,51.5945169259093,18.0798766795502,38.9553833007812,0,0,0,600,213.955276489258,1,4,1,2.02346801757813,55.2297172546387,,,,,,,,,,,,,,,,
,3705428224.169,221.045974731445,9999.982421875,,,2,,,,17.7800001835823,,,,,,,221.045974731445,221.045974731445,9999.982421875,9999.982421875,,,39.0114479064941,,,,600,227.99739074707,0,0,0,0.044403076171875,51.808406829834,,,,,,,,,,,,,,,,
,3705428499.975,219.03874206543,9999.9775390625,0.000645823370217445,2.11772013300244E-7,1,14.9888003110469,40.0298881530762,1.9884414376779,17.7699998021126,0.00709901432852315,0.00122116146238341,0.25,-2.24942483264234E-6,0.000647351149362046,-1.64377908751166E-6,219.048919677734,219.048919677734,9999.97265625,9999.982421875,51.8946622772939,18.0822074093443,39.0226631164551,0,0,0,600,219.04704284668,1,4,1,1.98974609375,55.2297172546387,,,,,,,,,,,,,,,,
,3705428514.9895,219.021148681641,9999.982421875,0.000645914368273394,2.18595122055497E-7,1,14.9888003110469,40.0298881530762,1.98843284119555,17.7699998021126,0.00709926282735495,0.0012254639413878,0.25,-1.87340907749387E-6,0.000647442327049616,-1.26673013223918E-6,219.028564453125,219.028564453125,9999.982421875,9999.982421875,51.6953470048901,18.0826550489559,39.0114479064941,0,0,0,600,219.05696105957,1,4,1,1.9879150390625,54.7409591674805,,,,,,,,,,,,,,,,
,3705428529.8995,219.009185791016,9999.98681640625,0.000645167794724727,2.24575124095853E-7,1,14.9888003110469,40.0298881530762,1.98842270061192,17.7699998021126,0.0070904492196035,0.00122732206674346,0.25,-1.57269746256569E-6,0.00064669392253831,-9.65974257002248E-7,219.013732910156,219.013732910156,9999.982421875,9999.9912109375,51.8563624798516,18.0819482720638,39.0226631164551,0,0,0,600,219.069290161133,1,4,1,2.00088500976562,54.7409591674805,,,,,,,,,,,,,,,,
,3705428853.553,224.195190429687,9999.99609375,,,2,,,,17.7899997940659,,,,,,,224.195190429687,224.195190429687,9999.99609375,9999.99609375,,,39.0787315368652,,,,600,224.405578613281,0,0,0,0.044097900390625,51.808406829834,,,,,,,,,,,,,,,,
,3705428919.608,224.085639953613,9999.99658203125,0.000642121767148621,2.15615421917685E-7,1,14.9888003110469,40.0298881530762,1.98846656011735,17.7699998021126,0.0070573543721069,0.00121427924308202,0.25,-2.19497627482803E-6,0.000643548887063402,-1.60896554390347E-6,224.096435546875,224.096435546875,9999.9873046875,10000.005859375,51.7656935716209,18.0823992410144,39.1011581420898,0,0,0,600,224.139175415039,1,4,1,2.00286865234375,53.7634429931641,,,,,,,,,,,,,,,,
,3705428934.584,224.069129943848,9999.994140625,0.000641693282406163,2.08458554780021E-7,1,14.9888003110469,40.0298881530762,1.9884188356034,17.7699998021126,0.00705588799347598,0.00119407430320786,0.25,-3.95683965733569E-6,0.000643121374625609,-3.3750825759747E-6,224.074844360352,224.074844360352,9999.9873046875,10000.0009765625,51.6351616089093,18.0827470719784,39.1011581420898,0,0,0,600,224.151794433594,1,4,1,1.98776245117187,54.2522010803223,,,,,,,,,,,,,,,,
,3705428949.583,224.060157775879,9999.994140625,0.000642842471757498,2.3980200018234E-7,1,14.9888003110469,40.0298881530762,1.9884513632131,17.7699998021126,0.00706912274650538,0.00119345885030368,0.25,-4.21639321632867E-6,0.000644273518263605,-3.63412709348379E-6,224.063415527344,224.063415527344,9999.9873046875,10000.0009765625,51.850891080217,18.0835702293497,39.1011581420898,0,0,0,600,224.163558959961,1,4,1,1.988525390625,54.2522010803223,,,,,,,,,,,,,,,,
,3705429324.3365,229.014739990234,9999.99853515625,0.000639026248181848,2.11889134075654E-7,1,14.9888003110469,40.0298881530762,1.988441564894,17.7699998021126,0.00702115109681293,0.00121455557160803,0.25,-1.59426191183945E-6,0.000640355794190622,-1.02481005927844E-6,229.012008666992,229.012008666992,9999.99609375,10000.0009765625,51.7219223745439,18.0847085126444,39.1908645629883,0,0,0,600,229.218276977539,1,4,1,2.0013427734375,54.7409591674805,,,,,,,,,,,,,,,,
,3705429339.334,229.020805358887,10000.0009765625,0.000637505106429358,2.23077890320187E-7,1,14.9888003110469,40.0298881530762,1.98844155628387,17.7699998021126,0.0070045063403694,0.00121126731053907,0.25,-1.62658918342173E-6,0.000638831408785912,-1.05858591190121E-6,229.017471313477,229.017471313477,10000.0009765625,10000.0009765625,51.9462497595632,18.0853716640206,39.1572227478027,0,0,0,600,229.220031738281,1,4,1,1.99935913085938,54.7409591674805,,,,,,,,,,,,,,,,
,3705429354.257,229.026977539062,9999.99609375,0.000638691055243672,2.27202518893932E-7,1,14.9888003110469,40.0298881530762,1.98841503122596,17.7699998021126,0.00701846797715579,0.0012076868882613,0.25,-2.15936991511825E-6,0.000640020186370649,-1.59142914482067E-6,229.024139404297,229.024139404297,9999.9912109375,10000.0009765625,51.9446865025247,18.0828208069414,39.1796493530273,0,0,0,600,229.222106933594,1,4,1,1.9866943359375,55.2297172546387,,,,,,,,,,,,,,,,
,3705429468.334,236.046279907227,9999.99609375,,,2,,,,17.7600000312924,,,,,,,236.046279907227,236.046279907227,9999.99609375,9999.99609375,,,39.2469291687012,,,,600,242.985305786133,0,0,0,0.04180908203125,51.808406829834,,,,,,,,,,,,,,,,
,3705429714.055,234.026824951172,9999.99853515625,0.000634953079779508,2.11104631345096E-7,1,14.9888003110469,40.0298881530762,2.00202636729767,17.7400000393391,0.00702213772239751,0.00120599919611453,0.25,-2.33590905172201E-6,0.00063618292143107,-1.78596611857415E-6,234.024368286133,234.024368286133,9999.9912109375,10000.005859375,51.6773695489478,18.0768918945612,39.2469291687012,0,0,0,600,234.250900268555,1,4,1,2.025146484375,54.7409591674805,,,,,,,,,,,,,,,,
,3705429729.108,234.03190612793,9999.99658203125,0.000636402834544094,2.16866583192327E-7,1,14.9888003110469,40.0298881530762,2.00201532531154,17.7400000393391,0.00703778742078454,0.00121071569985558,0.25,-2.16303441143976E-6,0.000637635234849133,-1.61150542322649E-6,234.029281616211,234.029281616211,9999.9873046875,10000.005859375,51.7649119431016,18.0772211363626,39.2581443786621,0,0,0,600,234.257385253906,1,4,1,2.02529907226562,54.7409591674805,,,,,,,,,,,,,,,,
,3705429744.058,234.03759765625,9999.99658203125,0.000635533431100961,2.17435231576441E-7,1,14.9888003110469,40.0298881530762,2.00204157102318,17.7400000393391,0.00702839227320416,0.00120831871878029,0.25,-2.22863245019392E-6,0.000636764102774529,-1.67800533904996E-6,234.034530639648,234.034530639648,9999.9873046875,10000.005859375,51.8977887913709,18.0768395914765,39.2581443786621,0,0,0,600,234.263519287109,1,4,1,2.02362060546875,54.2522010803223,,,,,,,,,,,,,,,,
,3705430073.71,239.045135498047,10000.0126953125,0.000632102810724605,1.98203091882307E-7,1,14.9888003110469,40.0298881530762,2.00208062244041,17.7400000393391,0.00698979233453265,0.00120034987611848,0.25,-2.3199089098291E-6,0.000633234797707472,-1.78598319708404E-6,239.037551879883,239.037551879883,10000.005859375,10000.01953125,51.6547023218901,18.0775478268282,39.3366394042969,0,0,0,600,239.316970825195,1,4,1,2.02438354492187,55.2297172546387,,,,,,,,,,,,,,,,
,3705430097.588,239.059326171875,10000.0146484375,,,2,,,,17.7800001835823,,,,,,,239.059326171875,239.059326171875,10000.0146484375,10000.0146484375,,,39.3254241943359,,,,600,239.31559753418,0,0,0,0.043487548828125,52.2971649169922,,,,,,,,,,,,,,,,
touchdown = 9.87000018358231 mm,3705430108.6805,239.06559753418,10000.0146484375,0.000631002458199777,1.94405920216354E-7,1,14.9888003110469,40.0298881530762,1.98847299843635,17.7699998021126,0.00693494745464811,0.00117693744936783,0.25,-3.55307735982176E-6,0.000632133150509197,-3.02234593436582E-6,239.052719116211,239.052719116211,10000.009765625,10000.01953125,51.6922204908132,18.0827018109681,39.3366394042969,0,0,0,600,239.322341918945,1,4,1,1.99050903320313,53.7634429931641,,,,,,,,,,,,,,,,
,3705430138.648,239.079734802246,10000.009765625,0.000631900023744834,2.10985960547328E-7,1,14.9888003110469,40.0298881530762,1.98850672865163,17.7699998021126,0.0069427011547815,0.00119127895298504,0.25,-2.40607007736569E-6,0.000633031082835393,-1.87256205562586E-6,239.078475952148,239.078475952148,10000.009765625,10000.009765625,51.4975949895247,18.0838081169253,39.3366394042969,0,0,0,600,239.325759887695,1,4,1,1.99050903320313,53.7634429931641,,,,,,,,,,,,,,,,
,3705430463.3845,244.065536499023,10000.0166015625,0.000628629890101166,2.00680570026987E-7,1,14.9888003110469,40.0298881530762,1.98848794514627,17.7699998021126,0.00690558309032092,0.00118561042286087,0.25,-2.31869002123806E-6,0.000629663164300018,-1.80055780817561E-6,244.055236816406,244.055236816406,10000.009765625,10000.0234375,51.8594889939286,18.0829694964959,39.4263458251953,0,0,0,600,244.383392333984,1,4,1,1.99813842773438,54.7409591674805,,,,,,,,,,,,,,,,
,3705430478.41,244.08374786377,10000.0078125,0.000628505809460696,2.13385075148651E-7,1,14.9888003110469,40.0298881530762,1.98853127774721,17.7699998021126,0.00690425933817342,0.00118597041281694,0.25,-2.26625725603272E-6,0.00062953849999633,-1.7481875175307E-6,244.075836181641,244.075836181641,10000.005859375,10000.009765625,51.6804960630247,18.0840378377345,39.4487724304199,0,0,0,600,244.379089355469,1,4,1,1.99020385742187,54.7409591674805,,,,,,,,,,,,,,,,
,3705430493.5345,244.096603393555,10000.0078125,0.000628809152291645,2.03539955119657E-7,1,14.9888003110469,40.0298881530762,1.988523458497,17.7699998021126,0.00690827409658579,0.00118248690960005,0.25,-2.63632388954436E-6,0.000629842409850331,-2.11864123329201E-6,244.091659545898,244.091659545898,10000.005859375,10000.009765625,51.6687716352362,18.0833146773422,39.4263458251953,0,0,0,600,244.376403808594,1,4,1,1.99020385742187,54.7409591674805,,,,,,,,,,,,,,,,
,3705430607.354,251.043243408203,9999.9873046875,,,2,,,,17.7800001835823,,,,,,,251.043243408203,251.043243408203,9999.9873046875,9999.9873046875,,,39.5048408508301,,,,600,258.397277832031,0,0,0,0.042266845703125,51.808406829834,,,,,,,,,,,,,,,,
,3705430823.2295,249.107368469238,9999.9306640625,0.000625292698380271,2.14594670176501E-7,1,14.9888003110469,40.0298881530762,2.00196654652217,17.7699998021126,0.00691134562582374,0.00119113182721211,0.25,-1.89565605112117E-6,0.000626227182813317,-1.39188951527167E-6,249.09602355957,249.09602355957,9999.9306640625,9999.9306640625,51.8555808513324,18.0823442441536,39.5160522460937,0,0,0,600,249.467483520508,1,4,1,2.02423095703125,54.7409591674805,,,,,,,,,,,,,,,,
,3705430838.2325,249.127502441406,9999.935546875,0.000625453627226451,2.06614927045692E-7,1,14.9888003110469,40.0298881530762,2.00198404075811,17.7699998021126,0.00691353117458177,0.00118943251591169,0.25,-2.07849840867716E-6,0.000626388127515453,-1.57492213862715E-6,249.118713378906,249.118713378906,9999.9306640625,9999.9404296875,51.6586104644862,18.0811956018375,39.5272674560547,0,0,0,600,249.463562011719,1,4,1,2.02468872070313,54.7409591674805,,,,,,,,,,,,,,,,
,3705430853.1875,249.143005371094,9999.94482421875,0.00062516696836276,2.14181798147279E-7,1,14.9888003110469,40.0298881530762,2.0019824853548,17.7699998021126,0.00691191936049224,0.00117996655055308,0.25,-2.88490060273087E-6,0.000626101407727142,-2.38279568577839E-6,249.136291503906,249.136291503906,9999.9404296875,9999.94921875,51.8219708250055,18.0805425931557,39.5496940612793,0,0,0,600,249.462249755859,1,4,1,2.025146484375,54.7409591674805,,,,,,,,,,,,,,,,
,3705431197.912,254.15869140625,9999.93994140625,0.000622169502656866,2.17068928591965E-7,1,14.9888003110469,40.0298881530762,2.00199372017705,17.7699998021126,0.00687641863050279,0.00118198052753608,0.25,-2.14951130592047E-6,0.000623006362731829,-1.66031334537571E-6,254.148208618164,254.148208618164,9999.9306640625,9999.94921875,51.7438079730824,18.0806260384565,39.6506156921387,0,0,0,600,254.539581298828,1,4,1,2.02362060546875,55.2297172546387,,,,,,,,,,,,,,,,
,3705431212.889,254.178207397461,9999.93798828125,0.000623683420068488,2.07775592222892E-7,1,14.9888003110469,40.0298881530762,2.00195451957919,17.7699998021126,0.0068898880030369,0.00120267866077825,0.25,-5.39117701710908E-7,0.000624520677058062,-4.66057458672235E-8,254.169174194336,254.169174194336,9999.9306640625,9999.9453125,51.7430263445632,18.0811251109697,39.6618270874023,0,0,0,600,254.540557861328,1,4,1,2.022705078125,55.2297172546387,,,,,,,,,,,,,,,,
,3705431237.04,254.199600219727,9999.94921875,,,2,,,,17.7899997940659,,,,,,,254.199600219727,254.199600219727,9999.94921875,9999.94921875,,,39.6618270874023,,,,600,254.544677734375,0,0,0,0.04425048828125,52.2971649169922,,,,,,,,,,,,,,,,
touchdown = 9.87999979406595 mm,3705431248.039,254.206817626953,9999.9453125,0.000622670404600754,2.20062842938649E-7,1,14.9888003110469,40.0298881530762,1.98847594466764,17.7699998021126,0.00683832827949158,0.00117231295160922,0.25,-2.42712073788382E-6,0.00062350726605263,-1.93800750666673E-6,254.187240600586,254.187240600586,9999.9453125,9999.9453125,51.5687231847747,18.08302820098,39.6730422973633,0,0,0,600,254.55305480957,1,4,1,1.986083984375,53.7634429931641,,,,,,,,,,,,,,,,
,3705431602.642,259.19660949707,9999.958984375,0.000620033356434991,2.08070278443702E-7,1,14.9888003110469,40.0298881530762,1.98857214264878,17.7699998021126,0.00680863069329969,0.00116745277204791,0.25,-2.38520558668247E-6,0.000620774512087922,-1.90905712827587E-6,259.184936523438,259.184936523438,9999.9404296875,9999.9775390625,51.7625670575439,18.0829740810714,39.8188133239746,0,0,0,600,259.610046386719,1,4,1,1.99127197265625,54.7409591674805,,,,,,,,,,,,,,,,
,3705431617.625,259.218490600586,9999.9404296875,0.000619859089168252,2.05042880142311E-7,1,14.9888003110469,40.0298881530762,1.98854625915049,17.7699998021126,0.00680714488830146,0.00116416525101175,0.25,-2.65278682441905E-6,0.000620599839010164,-2.17713877004729E-6,259.208282470703,259.208282470703,9999.9404296875,9999.9404296875,51.8805929639478,18.0832573395746,39.8188133239746,0,0,0,600,259.612548828125,1,4,1,1.99737548828125,55.2297172546387,,,,,,,,,,,,,,,,
,3705431632.6695,259.236053466797,9999.935546875,0.000621212344192089,2.23959235963576E-7,1,14.9888003110469,40.0298881530762,1.98855370151345,17.7699998021126,0.00682203896394935,0.001166640519532,0.25,-2.66490374986271E-6,0.000621954390526806,-2.18826238789645E-6,259.228698730469,259.228698730469,9999.9306640625,9999.9404296875,51.7453712301209,18.0826525648769,39.8412399291992,0,0,0,600,259.615509033203,1,4,1,1.98806762695313,54.7409591674805,,,,,,,,,,,,,,,,
,3705431746.563,266.099273681641,9999.94921875,,,2,,,,17.7800001835823,,,,,,,266.099273681641,266.099273681641,9999.94921875,9999.94921875,,,39.9309501647949,,,,600,273.55029296875,0,0,0,0.042724609375,51.808406829834,,,,,,,,,,,,,,,,
,3705431977.4105,264.23974609375,9999.94775390625,0.000617025557302805,2.11297232543163E-7,1,14.9888003110469,40.0298881530762,2.00207766367155,17.7699998021126,0.00681793410425344,0.00117107538712102,0.25,-2.18459778390888E-6,0.000617669965650892,-1.7210916873416E-6,264.227203369141,264.227203369141,9999.9404296875,9999.955078125,51.7563140293901,18.0804105607854,40.0094413757324,0,0,0,600,264.690521240234,1,4,1,2.02392578125,54.7409591674805,,,,,,,,,,,,,,,,
,3705431992.378,264.262878417969,9999.955078125,0.000617342586903919,2.32634374170111E-7,1,14.9888003110469,40.0298881530762,2.0020630663345,17.7699998021126,0.00682173589475517,0.0011696691909515,0.25,-2.36669374422591E-6,0.00061798703544515,-1.90318530546497E-6,264.252288818359,264.252288818359,9999.955078125,9999.955078125,51.8118096542555,18.0802741976747,40.0094413757324,0,0,0,600,264.695556640625,1,4,1,2.02468872070313,54.7409591674805,,,,,,,,,,,,,,,,
,3705432007.327,264.282348632813,9999.94775390625,0.000619083922510836,2.4465927389691E-7,1,14.9888003110469,40.0298881530762,2.00207419319061,17.7699998021126,0.00684015701950688,0.0011778369610442,0.25,-1.93295199901681E-6,0.000619729495588306,-1.46771782564005E-6,264.273468017578,264.273468017578,9999.9404296875,9999.955078125,51.830568738717,18.0799854189037,40.0094413757324,0,0,0,600,264.700500488281,1,4,1,2.02468872070313,54.7409591674805,,,,,,,,,,,,,,,,
,3705432376.079,269.318145751953,10000.0234375,,,2,,,,17.8000003358722,,,,,,,269.318145751953,269.318145751953,10000.0234375,10000.0234375,,,40.2561378479004,,,,600,269.782928466797,0,0,0,0.0439453125,52.2971649169922,,,,,,,,,,,,,,,,
touchdown = 9.89000033587217 mm,3705432387.0805,269.326110839844,9999.99609375,0.00061457981454878,2.32708661063548E-7,1,14.9888003110469,40.0298881530762,2.00203774716566,17.790000885725,0.00679003982596174,0.00116456156581809,0.25,-2.31698185367797E-6,0.000615128068340274,-1.86559851532206E-6,269.292449951172,269.292449951172,9999.9912109375,10000.0009765625,51.718795860467,18.0792528778847,40.278564453125,0,0,0,600,269.78125,1,4,1,2.02377319335938,54.2522010803223,,,,,,,,,,,,,,,,
,3705432417.094,269.36213684082,9999.99853515625,0.00061400928485027,2.24154949617494E-7,1,14.9888003110469,40.0298881530762,2.00203894057521,17.7999995648861,0.0067839193278592,0.00116241737878671,0.25,-2.4109910982029E-6,0.000614556436718435,-1.96018241285022E-6,269.359771728516,269.359771728516,9999.9912109375,10000.005859375,51.6195290385247,18.0792255787656,40.278564453125,0,0,0,600,269.784576416016,1,4,1,2.022705078125,53.7634429931641,,,,,,,,,,,,,,,,
,3705432427.0335,269.369705200195,10000.005859375,0.000613992225649316,2.19731374638582E-7,1,14.9888003110469,40.0298881530762,2.00204565921969,17.790000885725,0.00678354559104221,0.00116355918207965,0.25,-2.30488039880025E-6,0.000614539144618065,-1.85400479813186E-6,269.364501953125,269.364501953125,10000.005859375,10000.005859375,51.8243157105632,18.0791000059047,40.2897796630859,0,0,0,600,269.791656494141,1,4,1,2.02499389648438,54.7409591674805,,,,,,,,,,,,,,,,
,3705432786.824,274.346542358398,10000.0263671875,0.000611347783583336,2.18907954412466E-7,1,14.9888003110469,40.0298881530762,2.00209302121501,17.790000885725,0.00675336349658897,0.0011590177948554,0.25,-2.22932777696924E-6,0.000611800895719303,-1.78980532659913E-6,274.334045410156,274.334045410156,10000.0234375,10000.029296875,51.7508426297555,18.0797341509716,40.5701141357422,0,0,0,600,274.857788085938,1,4,1,2.01812744140625,54.7409591674805,,,,,,,,,,,,,,,,
,3705432801.816,274.370025634766,10000.0244140625,0.000612043558261457,2.34727051771595E-7,1,14.9888003110469,40.0298881530762,2.00203675149958,17.790000885725,0.00675933461381375,0.00116902770948523,0.25,-1.44167960129884E-6,0.000612496183789048,-1.00111772075368E-6,274.359039306641,274.359039306641,10000.01953125,10000.029296875,51.7508426297555,18.0797592303648,40.5701141357422,0,0,0,600,274.865539550781,1,4,1,2.0245361328125,55.2297172546387,,,,,,,,,,,,,,,,
,3705432816.798,274.389846801758,10000.0146484375,0.000611068370693196,2.30272944657828E-7,1,14.9888003110469,40.0298881530762,2.0020809802011,17.790000885725,0.00675104940519439,0.00115380538850125,0.25,-2.65166407915549E-6,0.000611520785582974,-2.21273528271842E-6,274.381011962891,274.381011962891,10000.009765625,10000.01953125,51.7414630875247,18.0803275375442,40.5813255310059,0,0,0,600,274.867889404297,1,4,1,2.02423095703125,55.2297172546387,,,,,,,,,,,,,,,,
,3705432931.189,281.140625,9999.99609375,,,2,,,,17.7899997940659,,,,,,,281.140625,281.140625,9999.99609375,9999.99609375,,,40.7495269775391,,,,600,288.855194091797,0,0,0,0.037078857421875,51.808406829834,,,,,,,,,,,,,,,,
,3705433176.4635,279.390197753906,10000.01953125,0.000609943027887876,2.19895881959261E-7,1,14.9888003110469,40.0298881530762,1.98864967885144,17.7699998021126,0.00669466871012865,0.00114412148982268,0.25,-2.64166136094556E-6,0.000610302847307794,-2.2125809794702E-6,279.376739501953,279.376739501953,10000.009765625,10000.029296875,51.9407783599286,18.0811625593763,40.9625816345215,0,0,0,600,279.950042724609,1,4,1,2.00042724609375,54.7409591674805,,,,,,,,,,,,,,,,
,3705433191.4885,279.415512084961,10000.0122070312,0.000610491118430815,2.16844908044768E-7,1,14.9888003110469,40.0298881530762,1.9886350683876,17.7699998021126,0.00669663664748314,0.00116792766837921,0.25,-5.66304900871459E-7,0.000610849329268742,-1.35666066686389E-7,279.403656005859,279.403656005859,10000.009765625,10000.0146484375,51.7828893990439,18.0824959125242,40.9513702392578,0,0,0,600,279.954956054687,1,4,1,1.99935913085938,54.7409591674805,,,,,,,,,,,,,,,,
,3705433206.489,279.43669128418,10000.0102539062,0.000609908412017963,2.25256033118494E-7,1,14.9888003110469,40.0298881530762,1.98861962952881,17.7699998021126,0.00669354695019492,0.00114766703588479,0.25,-2.31058055292834E-6,0.000610267123903009,-1.88141311917675E-6,279.427368164062,279.427368164062,10000.005859375,10000.0146484375,51.6930021193324,18.0817974980111,40.9850082397461,0,0,0,600,279.957366943359,1,4,1,1.98928833007813,54.7409591674805,,,,,,,,,,,,,,,,
,3705433560.515,284.421661376953,10000.0146484375,,,2,,,,17.7399998790026,,,,,,,284.421661376953,284.421661376953,10000.0146484375,10000.0146484375,,,41.3999061584473,,,,600,285.020782470703,0,0,0,0.04669189453125,52.2971649169922,,,,,,,,,,,,,,,,
,3705433601.422,284.491714477539,10000.0053710938,0.000606204789925838,2.06627931177178E-7,1,14.9888003110469,40.0298881530762,1.98861079718801,17.7299994975328,0.00665445591601054,0.00112572029704229,0.25,-3.63710404580762E-6,0.000606469999195352,-3.21988797260361E-6,284.489349365234,284.489349365234,10000.0009765625,10000.009765625,51.4944684754478,18.0803540606569,41.4559707641602,0,0,0,600,285.036956787109,1,4,1,1.9964599609375,53.7634429931641,,,,,,,,,,,,,,,,
,3705433611.2485,284.501007080078,9999.99853515625,0.000607736243703107,2.27423727288893E-7,1,14.9888003110469,40.0298881530762,1.98858867534652,17.7299994975328,0.0066694359198993,0.00113858196552321,0.25,-2.73159499512259E-6,0.00060800132101891,-2.31294422850658E-6,284.494079589844,284.494079589844,9999.99609375,10000.0009765625,51.4905603328516,18.0810246248358,41.478401184082,0,0,0,600,285.045654296875,1,4,1,1.98944091796875,54.2522010803223,,,,,,,,,,,,,,,,
,3705433626.2175,284.513290405273,10000.0053710938,0.000607484413047298,2.42380442676466E-7,1,14.9888003110469,40.0298881530762,1.98860809740098,17.7299994975328,0.00666649391810635,0.00113947641083642,0.25,-2.606773947553E-6,0.000607749070408567,-2.18826388157578E-6,284.507934570313,284.507934570313,9999.99609375,10000.0146484375,51.6132760103708,18.0796731030482,41.478401184082,0,0,0,600,285.057769775391,1,4,1,1.99920654296875,54.2522010803223,,,,,,,,,,,,,,,,
,3705433985.868,289.476852416992,10000.0190429688,0.000605335787134718,2.27025770646008E-7,1,14.9888003110469,40.0298881530762,1.98865707426616,17.7299994975328,0.00664262190333889,0.00113220273537031,0.25,-2.87180247130268E-6,0.00060550924274881,-2.46305144224112E-6,289.461181640625,289.461181640625,10000.0146484375,10000.0234375,51.9290539321401,18.0815717162037,41.9942169189453,0,0,0,600,290.130004882812,1,4,1,1.98822021484375,55.2297172546387,,,,,,,,,,,,,,,,
,3705434000.8755,289.505218505859,10000.0170898438,0.000605998670638493,2.20477380667673E-7,1,14.9888003110469,40.0298881530762,1.98862783532049,17.7299994975328,0.00665263138210698,0.00111726217108577,0.25,-4.3491193568934E-6,0.000606172796124101,-3.9403828692096E-6,289.492523193359,289.492523193359,10000.0146484375,10000.01953125,51.9032601910055,18.0814150032935,42.005428314209,0,0,0,600,290.139129638672,1,4,1,1.99615478515625,54.7409591674805,,,,,,,,,,,,,,,,
,3705434015.9295,289.528610229492,10000.0126953125,0.000607145631444294,2.16810966046607E-7,1,14.9888003110469,40.0298881530762,1.98861189853055,17.7299994975328,0.00666172026572684,0.00113902710427059,0.25,-2.56421632133316E-6,0.000607318445991377,-2.15423769237799E-6,289.517913818359,289.517913818359,10000.005859375,10000.01953125,51.800085226467,18.0815468529865,42.0502815246582,0,0,0,600,290.143432617188,1,4,1,2.00027465820313,55.2297172546387,,,,,,,,,,,,,,,,
,3705434144.706,297.042114257812,10000.0146484375,,,2,,,,17.7800001835823,,,,,,,297.042114257812,297.042114257812,10000.0146484375,10000.0146484375,,,42.2745513916016,,,,600,302.501342773438,0,0,0,0.038909912109375,51.808406829834,,,,,,,,,,,,,,,,
,3705434375.636,294.519622802734,10000.0004882813,0.000602756133902539,2.23634025832374E-7,1,14.9888003110469,40.0298881530762,1.98875853767196,17.7699998021126,0.00661321048806685,0.00112966468190263,0.25,-2.63207199534907E-6,0.000602837262498203,-2.23295156622431E-6,294.504180908203,294.504180908203,9999.9912109375,10000.009765625,51.7742914853324,18.0821040006428,42.6221656799316,0,0,0,600,295.231658935547,1,4,1,2.00057983398438,54.7409591674805,,,,,,,,,,,,,,,,
,3705434390.5925,294.548629760742,10000.0004882813,0.000602760625660281,2.11552644226061E-7,1,14.9888003110469,40.0298881530762,1.98874388179045,17.7699998021126,0.00661143146118736,0.00113979565678829,0.25,-1.70790674622023E-6,0.000602840616823617,-1.30870721997142E-6,294.535064697266,294.535064697266,9999.9912109375,10000.009765625,51.7907056842362,18.0829463711245,42.6558074951172,0,0,0,600,295.243774414063,1,4,1,2.00057983398438,55.2297172546387,,,,,,,,,,,,,,,,
,3705434405.5355,294.573776245117,10000.0078125,0.000600875112681473,2.17448690325669E-7,1,14.9888003110469,40.0298881530762,1.98873740219988,17.7699998021126,0.00659057719758242,0.00113706695351964,0.25,-1.6258025805409E-6,0.000600954348585632,-1.22788121114459E-6,294.562194824219,294.562194824219,10000.005859375,10000.009765625,51.8063382546209,18.0820426882409,42.7006607055664,0,0,0,600,295.244750976562,1,4,1,2.00027465820313,54.7409591674805,,,,,,,,,,,,,,,,
,3705434774.217,299.576599121094,10000.005859375,,,2,,,,17.7899997940659,,,,,,,299.576599121094,299.576599121094,10000.005859375,10000.005859375,,,43.3622512817383,,,,600,300.322784423828,0,0,0,0.037994384765625,51.808406829834,,,,,,,,,,,,,,,,
,3705434870.2895,299.698059082031,10000.0029296875,0.000600366131351471,2.1282652968001E-7,1,14.9888003110469,40.0298881530762,1.98879585641636,17.7699998021126,0.00658593564451419,0.00112586143695952,0.25,-2.53769124955654E-6,0.0006003535030137,-2.14794944999435E-6,299.691619873047,299.691619873047,9999.9912109375,10000.0146484375,51.7766363708901,18.0808822963885,43.5753059387207,0,0,0,600,300.367309570313,1,4,1,1.9976806640625,54.2522010803223,,,,,,,,,,,,,,,,
,3705434885.238,299.711563110352,9999.99365234375,0.000600608241617778,2.29320987644461E-7,1,14.9888003110469,40.0298881530762,1.98878943910915,17.7699998021126,0.00658907679190201,0.0011234130876958,0.25,-2.80311122384697E-6,0.000600595536429292,-2.41322578233956E-6,299.704498291016,299.704498291016,9999.9912109375,9999.99609375,51.7281754026978,18.0806590554384,43.5865211486816,0,0,0,600,300.376068115234,1,4,1,1.98822021484375,54.2522010803223,,,,,,,,,,,,,,,,
,3705434900.273,299.724563598633,9999.99853515625,0.000600426896252253,2.38663578676705E-7,1,14.9888003110469,40.0298881530762,1.98882191261355,17.7699998021126,0.00658717269026308,0.0011231724118205,0.25,-2.79480729091489E-6,0.000600413955836145,-2.40505882323893E-6,299.718627929687,299.718627929687,9999.99609375,10000.0009765625,51.8501094516978,18.0813778244709,43.6313743591309,0,0,0,600,300.389221191406,1,4,1,2.0013427734375,54.7409591674805,,,,,,,,,,,,,,,,
