,3706003633.85756,1.8003123998642,-0.0976885557174683,,,3.786715,0.01346794,-0.009359905,,,18.31055,4.969813,0.1,0,0.0003786713,0.0003786713,-6.186018E-08,,,,,,3000,-64.50737,-22.49887,,,,,,,,,,,,,,,,,,,,,110402432,0,,,,,,,,,,,,,,,,
,3706003640.37818,1.79963529109955,-0.0488442778587341,,,3.784178,0.01496767,-0.005230648,,,18.31055,4.969813,0.1,0,0.0003784176,0.0003784176,-3.454651E-08,,,,,,3000,-79.52895,-22.50435,,,,,,,,,,,,,,,,,,,,,110402432,0,,,,,,,,,,,,,,,,
,3706003650.23252,1.79990112781525,-0.0732664167881012,,,3.783104,0.01526035,-0.006214869,,,18.31055,4.969813,0.1,0,0.0003783102,0.0003783102,-4.103527E-08,,,,,,3000,-60.74437,-22.52664,,,,,,,,,,,,,,,,,,,,,110402432,0,,,,,,,,,,,,,,,,
,3706003660.40688,1.79981648921967,-0.0976885557174683,,,3.779708,0.01743719,-0.007864461,,,18.31055,4.969813,0.1,0,0.0003779707,0.0003779707,-5.188053E-08,,,,,,3000,-62.49763,-22.56603,,,,,,,,,,,,,,,,,,,,,110402432,0,,,,,,,,,,,,,,,,
,3706003755.44315,2.0000102519989,-0.158743903040886,,,3.824845,0.01948554,-8.047962E-05,,,18.31055,4.969813,0.1,0,0.0003824843,0.0003824843,-5.372506E-10,,,,,,3000,-56.17303,-22.41973,,,,,,,,,,,,,,,,,,,,,110402432,0,,,,,,,,,,,,,,,,
,3706003765.82858,2.00005078315735,-0.158743903040886,,,3.823744,0.02009685,-0.004597698,,,18.31055,4.969813,0.1,0,0.0003823742,0.0003823742,-3.068361E-08,,,,,,3000,-54.54005,-22.46703,,,,,,,,,,,,,,,,,,,,,110402432,0,,,,,,,,,,,,,,,,
,3706003776.11706,2.00019598007202,-0.183166027069092,,,3.819958,0.019909,-0.003184221,,,18.31055,4.969813,0.1,0,0.0003819956,0.0003819956,-2.122946E-08,,,,,,3000,-65.56593,-22.54875,,,,,,,,,,,,,,,,,,,,,110402432,0,,,,,,,,,,,,,,,,
,3706003786.25529,2.00024342536926,-0.158743903040886,,,3.821857,0.02040014,-0.003332135,,,18.31055,4.969813,0.1,0,0.0003821855,0.0003821855,-2.222666E-08,,,,,,3000,-56.7481,-22.52081,,,,,,,,,,,,,,,,,,,,,110402432,0,,,,,,,,,,,,,,,,
,3706003796.34013,1.99993407726288,-0.0854774862527847,,,3.8146,0.02032974,-0.004719473,,,18.31055,4.969813,0.1,0,0.0003814598,0.0003814598,-3.142098E-08,,,,,,3000,-50.8962,-22.71667,,,,,,,,,,,,,,,,,,,,,110402432,0,,,,,,,,,,,,,,,,
,3706003891.5338,2.19995975494385,-0.0976885557174683,,,3.815579,0.01312736,-0.0002015827,,,18.31055,4.969813,0.1,0,0.0003815577,0.0003815577,-1.342428E-09,,,,,,3000,-52.85637,-23.01899,,,,,,,,,,,,,,,,,,,,,110402432,0,,,,,,,,,,,,,,,,
,3706003891.91718,2.19994926452637,-0.0976885557174683,,,3.815579,0.01312736,-0.0002015827,,,18.31055,4.969813,0.1,0,0.0003815577,0.0003815577,-1.342428E-09,,,,,,3000,-52.85637,-23.01899,,,,,,,,,,,,,,,,,,,,,110402432,0,,,,,,,,,,,,,,,,
,3706003901.89229,2.19996953010559,-0.0976885557174683,,,3.81827,0.02148484,-0.006684605,,,18.31055,4.969813,0.1,0,0.0003818268,0.0003818268,-4.454711E-08,,,,,,3000,-61.34009,-22.92122,,,,,,,,,,,,,,,,,,,,,110402432,0,,,,,,,,,,,,,,,,
,3706003911.29246,2.19998049736023,-0.0732664167881012,,,3.816529,0.01812094,-0.008426571,,,18.31055,4.969813,0.1,0,0.0003816527,0.0003816527,-5.613021E-08,,,,,,3000,-61.67349,-22.97561,,,,,,,,,,,,,,,,,,,,,110402432,0,,,,,,,,,,,,,,,,
,3706003921.2321,2.20003437995911,-0.0976885557174683,,,3.815554,0.01525872,-0.004519089,,,18.31055,4.969813,0.1,0,0.0003815552,0.0003815552,-3.00944E-08,,,,,,3000,-59.33371,-23.03024,,,,,,,,,,,,,,,,,,,,,110402432,0,,,,,,,,,,,,,,,,
,3706004017.96808,2.40000510215759,-0.183166027069092,,,3.842245,0.01012878,-0.0009547243,,,18.31055,4.969813,0.1,0,0.0003842243,0.0003842243,-6.402362E-09,,,,,,3000,-55.26904,-22.70771,,,,,,,,,,,,,,,,,,,,,110402432,0,,,,,,,,,,,,,,,,
,3706004030.8214,2.40001749992371,-0.146532833576202,,,3.841485,0.01097935,-0.001967818,,,18.31055,4.969813,0.1,0,0.0003841484,0.0003841484,-1.319354E-08,,,,,,3000,-53.37556,-22.74398,,,,,,,,,,,,,,,,,,,,,110402432,0,,,,,,,,,,,,,,,,
,3706004040.50127,2.40011143684387,-0.134321764111519,,,3.840329,0.01098026,-0.002747578,,,18.31055,4.969813,0.1,0,0.0003840328,0.0003840328,-1.841602E-08,,,,,,3000,-51.18671,-22.78736,,,,,,,,,,,,,,,,,,,,,110402432,0,,,,,,,,,,,,,,,,
,3706004050.43754,2.40019536018372,-0.146532833576202,,,3.837267,0.01243454,-0.00202072,,,18.31055,4.969813,0.1,0,0.0003837265,0.0003837265,-1.353335E-08,,,,,,3000,-50.22651,-22.82266,,,,,,,,,,,,,,,,,,,,,110402432,0,,,,,,,,,,,,,,,,
,3706004059.91463,2.39981722831726,-0.122110687196255,,,3.840154,0.0108009,-0.0034106,,,18.31055,4.969813,0.1,0,0.0003840153,0.0003840153,-2.285897E-08,,,,,,3000,-47.97199,-22.82479,,,,,,,,,,,,,,,,,,,,,110402432,0,,,,,,,,,,,,,,,,
,3706004154.95032,2.59979295730591,-0.122110687196255,,,3.845646,0.007868241,-0.0001740048,,,18.31055,4.969813,0.1,0,0.0003845645,0.0003845645,-1.167906E-09,,,,,,3000,-46.82686,-22.82914,,,,,,,,,,,,,,,,,,,,,110402432,0,,,,,,,,,,,,,,,,
,3706004173.10412,2.60013794898987,-0.183166027069092,,,3.835995,0.01393758,-0.0006011032,,,18.31055,4.969813,0.1,0,0.0003835993,0.0003835993,-4.024429E-09,,,,,,3000,-51.13622,-22.97583,,,,,,,,,,,,,,,,,,,,,110402432,0,,,,,,,,,,,,,,,,
,3706004182.35411,2.59967660903931,-0.146532833576202,,,3.827361,0.01760983,0.001503118,,,18.31055,4.969813,0.1,0,0.0003827359,0.0003827359,1.004083E-08,,,,,,3000,-52.66755,-23.14423,,,,,,,,,,,,,,,,,,,,,110402432,0,,,,,,,,,,,,,,,,
,3706004191.82392,2.59970021247864,-0.122110687196255,,,3.825912,0.01776496,-0.0002309832,,,18.31055,4.969813,0.1,0,0.000382591,0.000382591,-1.542384E-09,,,,,,3000,-58.20499,-23.15918,,,,,,,,,,,,,,,,,,,,,110402432,0,,,,,,,,,,,,,,,,
,3706004201.30402,2.59988069534302,-0.122110687196255,,,3.832028,0.01571654,-3.486811E-05,,,18.31055,4.969813,0.1,0,0.0003832027,0.0003832027,-2.332031E-10,,,,,,3000,-45.06653,-23.08351,,,,,,,,,,,,,,,,,,,,,110402432,0,,,,,,,,,,,,,,,,
,3706004297.1499,2.80029368400574,0.183166027069092,,,3.833472,0.01306259,-0.002506667,,,18.31055,4.969813,0.1,0,0.000383347,0.000383347,-1.677127E-08,,,,,,3000,-49.40977,-23.39139,,,,,,,,,,,,,,,,,,,,,110402432,0,,,,,,,,,,,,,,,,
,3706004309.81348,2.79987931251526,0.0976885557174683,,,3.842145,0.009860026,9.117507E-05,,,18.31055,4.969813,0.1,0,0.0003842144,0.0003842144,6.114023E-10,,,,,,3000,-53.13024,-23.32924,,,,,,,,,,,,,,,,,,,,,110402432,0,,,,,,,,,,,,,,,,
,3706004319.09327,2.80029201507568,0.0488442778587341,,,3.840556,0.009798183,-0.001905564,,,18.31055,4.969813,0.1,0,0.0003840554,0.0003840554,-1.277305E-08,,,,,,3000,-55.76956,-23.35609,,,,,,,,,,,,,,,,,,,,,110402432,0,,,,,,,,,,,,,,,,
,3706004328.4732,2.80050182342529,0.0732664167881012,,,3.841598,0.009531422,-0.00130283,,,18.31055,4.969813,0.1,0,0.0003841596,0.0003841596,-8.735279E-09,,,,,,3000,-52.60025,-23.3347,,,,,,,,,,,,,,,,,,,,,110402432,0,,,,,,,,,,,,,,,,
,3706004337.9433,2.79971694946289,0.0854774862527847,,,3.841566,0.01025673,-0.001803022,,,18.31055,4.969813,0.1,0,0.0003841564,0.0003841564,-1.208889E-08,,,,,,3000,-53.61134,-23.34128,,,,,,,,,,,,,,,,,,,,,110402432,0,,,,,,,,,,,,,,,,
,3706004433.63939,3.00001049041748,0.0610553435981274,,,3.85383,0.004476439,-0.001602734,,,18.31055,4.969813,0.1,0,0.0003853828,0.0003853828,-1.078031E-08,,,,,,3000,-52.49171,-23.44435,,,,,,,,,,,,,,,,,,,,,110402432,0,,,,,,,,,,,,,,,,
,3706004445.40275,2.99966025352478,0.0854774862527847,,,3.839035,0.01141981,-0.001965995,,,18.31055,4.969813,0.1,0,0.0003839034,0.0003839034,-1.317291E-08,,,,,,3000,-50.75318,-23.56482,,,,,,,,,,,,,,,,,,,,,110402432,0,,,,,,,,,,,,,,,,
,3706004454.67272,3.00072956085205,0.0854774862527847,,,3.844169,0.008382789,-0.002007002,,,18.31055,4.969813,0.1,0,0.0003844167,0.0003844167,-1.346566E-08,,,,,,3000,-51.76046,-23.49573,,,,,,,,,,,,,,,,,,,,,110402432,0,,,,,,,,,,,,,,,,
,3706004463.95252,2.99978041648865,0.0732664167881012,,,3.840082,0.01075378,-0.00232777,,,18.31055,4.969813,0.1,0,0.000384008,0.000384008,-1.560119E-08,,,,,,3000,-50.62203,-23.52136,,,,,,,,,,,,,,,,,,,,,110402432,0,,,,,,,,,,,,,,,,
,3706004473.23255,3.00029158592224,0.134321764111519,,,3.837376,0.01217433,-0.001720624,,,18.31055,4.969813,0.1,0,0.0003837374,0.0003837374,-1.152384E-08,,,,,,3000,-49.61852,-23.51614,,,,,,,,,,,,,,,,,,,,,110402432,0,,,,,,,,,,,,,,,,
,3706004569.34064,3.200026512146,0.134321764111519,,,3.834489,0.01270359,-9.654677E-05,,,18.31055,4.969813,0.1,0,0.0003834487,0.0003834487,-6.461337E-10,,,,,,3000,-50.41613,-23.66231,,,,,,,,,,,,,,,,,,,,,110402432,0,,,,,,,,,,,,,,,,
,3706004588.38183,3.20014023780823,0.134321764111519,,,3.836976,0.0121152,-0.0005503118,,,18.31055,4.969813,0.1,0,0.0003836974,0.0003836974,-3.685319E-09,,,,,,3000,-51.07241,-23.66112,,,,,,,,,,,,,,,,,,,,,110402432,0,,,,,,,,,,,,,,,,
,3706004597.832,3.19997644424438,0.146532833576202,,,3.838962,0.01153442,-0.003018178,,,18.31055,4.969813,0.1,0,0.0003838961,0.0003838961,-2.022255E-08,,,,,,3000,-52.31503,-23.67501,,,,,,,,,,,,,,,,,,,,,110402432,0,,,,,,,,,,,,,,,,
,3706004607.31181,3.20007920265198,0.134321764111519,,,3.838785,0.01089486,-0.0005524221,,,18.31055,4.969813,0.1,0,0.0003838783,0.0003838783,-3.701195E-09,,,,,,3000,-53.63733,-23.71288,,,,,,,,,,,,,,,,,,,,,110402432,0,,,,,,,,,,,,,,,,
,3706004616.98178,3.20016407966614,0.122110687196255,,,3.835363,0.01345716,3.117506E-05,,,18.31055,4.969813,0.1,0,0.0003835361,0.0003835361,2.086849E-10,,,,,,3000,-51.29494,-23.63367,,,,,,,,,,,,,,,,,,,,,110402432,0,,,,,,,,,,,,,,,,
,3706004713.75095,3.40021228790283,0.122110687196255,,,3.856171,0.003264248,0.0113648,,,18.31055,4.969813,0.1,0,0.0003856169,0.0003856169,7.648833E-08,,,,,,3000,-64.49193,-23.84049,,,,,,,,,,,,,,,,,,,,,110402432,0,,,,,,,,,,,,,,,,
,3706004720.40126,3.39959335327148,0.146532833576202,,,3.856824,0.003067274,0.01075592,,,18.31055,4.969813,0.1,0,0.0003856822,0.0003856822,7.240269E-08,,,,,,3000,-72.85776,-23.8407,,,,,,,,,,,,,,,,,,,,,110402432,0,,,,,,,,,,,,,,,,
,3706004729.88124,3.40014553070068,0.134321764111519,,,3.858963,0.002249732,0.0102789,,,18.31055,4.969813,0.1,0,0.0003858961,0.0003858961,6.922999E-08,,,,,,3000,-63.39169,-23.8155,,,,,,,,,,,,,,,,,,,,,110402432,0,,,,,,,,,,,,,,,,
,3706004739.36116,3.39949798583984,0.0732664167881012,,,3.860394,0.001564902,0.01287401,,,18.31055,4.969813,0.1,0,0.0003860392,0.0003860392,8.674061E-08,,,,,,3000,-61.00183,-23.84996,,,,,,,,,,,,,,,,,,,,,110402432,0,,,,,,,,,,,,,,,,
,3706004748.59337,3.39956951141357,0.134321764111519,,,3.859671,0.00183373,0.01193079,,,18.31055,4.969813,0.1,0,0.0003859669,0.0003859669,8.037052E-08,,,,,,3000,-58.39711,-23.8025,,,,,,,,,,,,,,,,,,,,,110402432,0,,,,,,,,,,,,,,,,
,3706004845.90148,3.59991908073425,0.195377111434937,,,3.863357,0.004960074,0.0104659,,,18.31055,4.969813,0.1,0,0.0003863355,0.0003863355,7.056975E-08,,,,,,3000,-53.40653,-23.9595,,,,,,,,,,,,,,,,,,,,,110402432,0,,,,,,,,,,,,,,,,
,3706004858.16247,3.59986400604248,0.183166027069092,,,3.860041,0.001880536,0.008486188,,,18.31055,4.969813,0.1,0,0.0003860039,0.0003860039,5.717178E-08,,,,,,3000,-55.60286,-23.89529,,,,,,,,,,,,,,,,,,,,,110402432,0,,,,,,,,,,,,,,,,
,3706004867.73236,3.59937906265259,0.20758818089962,,,3.864105,0.01118122,0.008698034,,,18.31055,4.969813,0.1,0,0.0003864103,0.0003864103,5.86607E-08,,,,,,3000,-54.23365,-23.91067,,,,,,,,,,,,,,,,,,,,,110402432,0,,,,,,,,,,,,,,,,
,3706004877.13242,3.60006237030029,0.195377111434937,,,3.863674,0.01981508,0.006907051,,,18.31055,4.969813,0.1,0,0.0003863673,0.0003863673,4.657688E-08,,,,,,3000,-55.1654,-23.98464,,,,,,,,,,,,,,,,,,,,,110402432,0,,,,,,,,,,,,,,,,
,3706004886.72233,3.59913682937622,0.20758818089962,,,3.863903,0.01680654,0.007208154,,,18.31055,4.969813,0.1,0,0.0003863901,0.0003863901,4.86102E-08,,,,,,3000,-55.05164,-23.96531,,,,,,,,,,,,,,,,,,,,,110402432,0,,,,,,,,,,,,,,,,
,3706004983.61772,3.80051946640015,0.244221374392509,,,3.852849,0.004581997,0.01342086,,,18.31055,4.969813,0.1,0,0.0003852847,0.0003852847,9.024843E-08,,,,,,3000,-51.73965,-24.20539,,,,,,,,,,,,,,,,,,,,,110402432,0,,,,,,,,,,,,,,,,
,3706004996.20176,3.80053925514221,0.268643528223038,,,3.861218,0.002383165,0.0120577,,,18.31055,4.969813,0.1,0,0.0003861216,0.0003861216,8.125796E-08,,,,,,3000,-58.40557,-24.13743,,,,,,,,,,,,,,,,,,,,,110402432,0,,,,,,,,,,,,,,,,
,3706005005.27176,3.79991149902344,0.219799250364304,,,3.863699,0.0008548417,0.01304173,,,18.31055,4.969813,0.1,0,0.0003863697,0.0003863697,8.794589E-08,,,,,,3000,-58.45734,-24.24623,,,,,,,,,,,,,,,,,,,,,110402432,0,,,,,,,,,,,,,,,,
,3706005014.55167,3.80022788047791,0.244221374392509,,,3.862713,0.001950184,0.0134059,,,18.31055,4.969813,0.1,0,0.0003862712,0.0003862712,9.037861E-08,,,,,,3000,-57.60543,-24.19185,,,,,,,,,,,,,,,,,,,,,110402432,0,,,,,,,,,,,,,,,,
,3706005024.25164,3.80038642883301,0.219799250364304,,,3.862091,0.002200196,0.0118966,,,18.31055,4.969813,0.1,0,0.0003862089,0.0003862089,8.019039E-08,,,,,,3000,-57.73177,-24.16391,,,,,,,,,,,,,,,,,,,,,110402432,0,,,,,,,,,,,,,,,,
,3706005119.96996,3.99940419197083,0.134321764111519,,,3.835485,0.01293913,0.009586619,,,18.31055,4.969813,0.1,0,0.0003835483,0.0003835483,6.417456E-08,,,,,,3000,-47.81865,-24.32572,,,,,,,,,,,,,,,,,,,,,110402432,0,,,,,,,,,,,,,,,,
,3706005131.43109,3.9997866153717,0.158743903040886,,,3.836296,0.01313514,0.008668922,,,18.31055,4.969813,0.1,0,0.0003836294,0.0003836294,5.80436E-08,,,,,,3000,-47.62131,-24.27223,,,,,,,,,,,,,,,,,,,,,110402432,0,,,,,,,,,,,,,,,,
,3706005140.70101,3.99995088577271,0.134321764111519,,,3.83672,0.01271146,0.0102906,,,18.31055,4.969813,0.1,0,0.0003836718,0.0003836718,6.890932E-08,,,,,,3000,-47.97136,-24.21984,,,,,,,,,,,,,,,,,,,,,110402432,0,,,,,,,,,,,,,,,,
,3706005149.59094,3.99987173080444,0.170954972505569,,,3.836366,0.01216271,0.007353717,,,18.31055,4.969813,0.1,0,0.0003836364,0.0003836364,4.923842E-08,,,,,,3000,-47.30338,-24.27326,,,,,,,,,,,,,,,,,,,,,110402432,0,,,,,,,,,,,,,,,,
,3706005158.73091,4.00029706954956,0.134321764111519,,,3.836072,0.01231167,0.00735554,,,18.31055,4.969813,0.1,0,0.000383607,0.000383607,4.924685E-08,,,,,,3000,-47.32204,-24.27258,,,,,,,,,,,,,,,,,,,,,110402432,0,,,,,,,,,,,,,,,,
,3706005275.02045,4.20052099227905,0.158743903040886,,,3.832921,0.01423011,0.01357986,,,18.31055,4.969813,0.1,0,0.0003832919,0.0003832919,9.084526E-08,,,,,,3000,-52.60258,-24.52277,,,,,,,,,,,,,,,,,,,,,110402432,0,,,,,,,,,,,,,,,,
,3706005284.22027,4.20007658004761,0.134321764111519,,,3.836944,0.01256169,0.01162288,,,18.31055,4.969813,0.1,0,0.0003836942,0.0003836942,7.783525E-08,,,,,,3000,-52.54328,-24.51835,,,,,,,,,,,,,,,,,,,,,110402432,0,,,,,,,,,,,,,,,,
,3706005293.59025,4.19931364059448,0.146532833576202,,,3.837167,0.0115545,0.01140149,,,18.31055,4.969813,0.1,0,0.0003837165,0.0003837165,7.635708E-08,,,,,,3000,-52.56657,-24.53567,,,,,,,,,,,,,,,,,,,,,110402432,0,,,,,,,,,,,,,,,,
,3706005302.97026,4.19958305358887,0.170954972505569,,,3.836774,0.0126238,0.00967861,,,18.31055,4.969813,0.1,0,0.0003836772,0.0003836772,6.481213E-08,,,,,,3000,-51.11177,-24.52826,,,,,,,,,,,,,,,,,,,,,110402432,0,,,,,,,,,,,,,,,,
,3706005312.5503,4.20006561279297,0.134321764111519,,,3.835962,0.01295587,0.01074096,,,18.31055,4.969813,0.1,0,0.0003835961,0.0003835961,7.191088E-08,,,,,,3000,-53.00594,-24.53101,,,,,,,,,,,,,,,,,,,,,110402432,0,,,,,,,,,,,,,,,,
,3706005408.52671,4.3991003036499,0.158743903040886,,,3.832144,0.01400619,0.01379847,,,18.31055,4.969813,0.1,0,0.0003832142,0.0003832142,9.228896E-08,,,,,,3000,-54.43433,-24.75571,,,,,,,,,,,,,,,,,,,,,110402432,0,,,,,,,,,,,,,,,,
,3706005408.95832,4.39920425415039,0.146532833576202,,,3.83142,0.01403117,0.01130782,,,18.31055,4.969813,0.1,0,0.0003831419,0.0003831419,7.561637E-08,,,,,,3000,-54.16504,-24.77442,,,,,,,,,,,,,,,,,,,,,110402432,0,,,,,,,,,,,,,,,,
,3706005411.86957,4.39939498901367,0.146532833576202,,,3.83142,0.01403117,0.01130782,,,18.31055,4.969813,0.1,0,0.0003831419,0.0003831419,7.561637E-08,,,,,,3000,-54.16504,-24.77442,,,,,,,,,,,,,,,,,,,,,110402432,0,,,,,,,,,,,,,,,,
,3706005421.71961,4.40074825286865,0.158743903040886,,,3.832554,0.009088951,0.01409722,,,18.31055,4.969813,0.1,0,0.0003832552,0.0003832552,9.429721E-08,,,,,,3000,-54.36664,-24.81056,,,,,,,,,,,,,,,,,,,,,110402432,0,,,,,,,,,,,,,,,,
,3706005431.08967,4.39918899536133,0.146532833576202,,,3.832772,0.01226061,0.01297094,,,18.31055,4.969813,0.1,0,0.0003832771,0.0003832771,8.676839E-08,,,,,,3000,-54.64332,-24.77446,,,,,,,,,,,,,,,,,,,,,110402432,0,,,,,,,,,,,,,,,,
,3706005545.31888,4.60014867782593,0.195377111434937,,,3.820913,0.01959606,0.005310408,,,18.31055,4.969813,0.1,0,0.0003820911,0.0003820911,3.541378E-08,,,,,,3000,-52.11749,-25.10867,,,,,,,,,,,,,,,,,,,,,110402432,0,,,,,,,,,,,,,,,,
,3706005554.61871,4.59966993331909,0.195377111434937,,,3.818823,0.0199303,0.01040369,,,18.31055,4.969813,0.1,0,0.0003818821,0.0003818821,6.934167E-08,,,,,,3000,-51.62308,-25.10184,,,,,,,,,,,,,,,,,,,,,110402432,0,,,,,,,,,,,,,,,,
,3706005563.89885,4.60043144226074,0.195377111434937,,,3.817771,0.01799756,0.008325852,,,18.31055,4.969813,0.1,0,0.0003817769,0.0003817769,5.547735E-08,,,,,,3000,-51.00404,-25.09184,,,,,,,,,,,,,,,,,,,,,110402432,0,,,,,,,,,,,,,,,,
,3706005573.26876,4.59966230392456,0.20758818089962,,,3.817676,0.01871762,0.01197986,,,18.31055,4.969813,0.1,0,0.0003817674,0.0003817674,7.982296E-08,,,,,,3000,-51.14492,-25.07864,,,,,,,,,,,,,,,,,,,,,110402432,0,,,,,,,,,,,,,,,,
,3706005582.71885,4.59935760498047,0.158743903040886,,,3.817515,0.01702632,0.008586763,,,18.31055,4.969813,0.1,0,0.0003817513,0.0003817513,5.721203E-08,,,,,,3000,-51.50113,-25.08311,,,,,,,,,,,,,,,,,,,,,110402432,0,,,,,,,,,,,,,,,,
,3706005679.66671,4.80079793930054,0.256432443857193,,,3.811893,0.002711426,0.0146117,,,18.31055,4.969813,0.1,0,0.0003811892,0.0003811892,9.721175E-08,,,,,,3000,-54.89806,-25.27248,,,,,,,,,,,,,,,,,,,,,110402432,0,,,,,,,,,,,,,,,,
,3706005680.40721,4.80065822601318,0.280854612588882,,,3.811893,0.002711426,0.0146117,,,18.31055,4.969813,0.1,0,0.0003811892,0.0003811892,9.721175E-08,,,,,,3000,-54.89806,-25.27248,,,,,,,,,,,,,,,,,,,,,110402432,0,,,,,,,,,,,,,,,,
,3706005681.75813,4.80204439163208,0.256432443857193,,,3.809341,0.003061055,0.01583866,,,18.31055,4.969813,0.1,0,0.000380934,0.0003809339,1.053041E-07,,,,,,3000,-55.09704,-25.24792,,,,,,,,,,,,,,,,,,,,,110402432,0,,,,,,,,,,,,,,,,
,3706005691.13818,4.79956293106079,0.268643528223038,,,3.809897,0.002166332,0.01540916,,,18.31055,4.969813,0.1,0,0.0003809895,0.0003809895,1.024636E-07,,,,,,3000,-52.2669,-25.13309,,,,,,,,,,,,,,,,,,,,,110402432,0,,,,,,,,,,,,,,,,
,3706005700.21814,4.79934167861938,0.293065667152405,,,3.807717,0.003766909,0.01680643,,,18.31055,4.969813,0.1,0,0.0003807716,0.0003807716,1.116908E-07,,,,,,3000,-51.29614,-25.13269,,,,,,,,,,,,,,,,,,,,,110402432,0,,,,,,,,,,,,,,,,
,3706005816.34759,5.00063610076904,0.195377111434937,,,3.802345,0.004244552,0.02213549,,,18.31055,4.969813,0.1,0,0.0003802344,0.0003802344,1.468987E-07,,,,,,3000,-52.9154,-25.59366,,,,,,,,,,,,,,,,,,,,,110402432,0,,,,,,,,,,,,,,,,
,3706005822.3375,5.00009250640869,0.195377111434937,,,3.802185,0.005403671,0.0209859,,,18.31055,4.969813,0.1,0,0.0003802183,0.0003802183,1.392637E-07,,,,,,3000,-52.72938,-25.56382,,,,,,,,,,,,,,,,,,,,,110402432,0,,,,,,,,,,,,,,,,
,3706005831.47746,5.00025033950806,0.122110687196255,,,3.802031,0.006574961,0.01873957,,,18.31055,4.969813,0.1,0,0.000380203,0.0003802029,1.243519E-07,,,,,,3000,-52.85174,-25.49413,,,,,,,,,,,,,,,,,,,,,110402432,0,,,,,,,,,,,,,,,,
,3706005840.55734,5.00024366378784,0.146532833576202,,,3.804865,0.004262941,0.0163576,,,18.31055,4.969813,0.1,0,0.0003804864,0.0003804863,1.086266E-07,,,,,,3000,-53.25269,-25.37253,,,,,,,,,,,,,,,,,,,,,110402432,0,,,,,,,,,,,,,,,,
,3706005849.79742,5.00010919570923,0.170954972505569,,,3.80525,0.004112372,0.0161801,,,18.31055,4.969813,0.1,0,0.0003805249,0.0003805249,1.074587E-07,,,,,,3000,-52.53555,-25.40368,,,,,,,,,,,,,,,,,,,,,110402432,0,,,,,,,,,,,,,,,,
,3706005963.01681,5.19920635223389,0.232010304927826,,,3.795761,0.008317344,0.01629492,,,18.31055,4.969813,0.1,0,0.000379576,0.0003795759,1.079514E-07,,,,,,3000,-53.80332,-25.70279,,,,,,,,,,,,,,,,,,,,,110402432,0,,,,,,,,,,,,,,,,
,3706005972.30677,5.20073843002319,0.256432443857193,,,3.794178,0.009957995,0.01535007,,,18.31055,4.969813,0.1,0,0.0003794176,0.0003794176,1.016495E-07,,,,,,3000,-54.07268,-25.65648,,,,,,,,,,,,,,,,,,,,,110402432,0,,,,,,,,,,,,,,,,
,3706005981.79678,5.19955348968506,0.195377111434937,,,3.795224,0.01027016,0.01789626,,,18.31055,4.969813,0.1,0,0.0003795223,0.0003795222,1.185433E-07,,,,,,3000,-54.29842,-25.6866,,,,,,,,,,,,,,,,,,,,,110402432,0,,,,,,,,,,,,,,,,
,3706005991.2966,5.19864082336426,0.232010304927826,,,3.796202,0.009374009,0.0164436,,,18.31055,4.969813,0.1,0,0.0003796201,0.0003796201,1.08949E-07,,,,,,3000,-53.67157,-25.69865,,,,,,,,,,,,,,,,,,,,,110402432,0,,,,,,,,,,,,,,,,
,3706006000.97648,5.19991159439087,0.293065667152405,,,3.793275,0.008486222,0.01511521,,,18.31055,4.969813,0.1,0,0.0003793273,0.0003793273,1.000704E-07,,,,,,3000,-55.80364,-25.5937,,,,,,,,,,,,,,,,,,,,,110402432,0,,,,,,,,,,,,,,,,
,3706006098.21102,5.39981317520142,0.280854612588882,,,3.789407,0.01271174,0.01685731,,,18.31055,4.969813,0.1,0,0.0003789406,0.0003789406,1.114903E-07,,,,,,3000,-59.24892,-25.97405,,,,,,,,,,,,,,,,,,,,,110402432,0,,,,,,,,,,,,,,,,
,3706006098.63225,5.39981317520142,0.256432443857193,,,3.789407,0.01271174,0.01685731,,,18.31055,4.969813,0.1,0,0.0003789406,0.0003789406,1.114903E-07,,,,,,3000,-59.24892,-25.97405,,,,,,,,,,,,,,,,,,,,,110402432,0,,,,,,,,,,,,,,,,
,3706006101.99596,5.39951610565186,0.280854612588882,,,3.787756,0.01333401,0.01620494,,,18.31055,4.969813,0.1,0,0.0003787755,0.0003787754,1.071289E-07,,,,,,3000,-60.03457,-25.9706,,,,,,,,,,,,,,,,,,,,,110402432,0,,,,,,,,,,,,,,,,
,3706006111.28596,5.40068626403809,0.244221374392509,,,3.786054,0.01347626,0.01624067,,,18.31055,4.969813,0.1,0,0.0003786053,0.0003786053,1.073169E-07,,,,,,3000,-58.25107,-26.00122,,,,,,,,,,,,,,,,,,,,,110402432,0,,,,,,,,,,,,,,,,
,3706006120.65485,5.40001153945923,0.20758818089962,,,3.787776,0.01312676,0.01700038,,,18.31055,4.969813,0.1,0,0.0003787775,0.0003787775,1.123881E-07,,,,,,3000,-58.24436,-26.0049,,,,,,,,,,,,,,,,,,,,,110402432,0,,,,,,,,,,,,,,,,
,3706006234.38528,5.60235261917114,0.256432443857193,,,3.77155,0.02073316,0.01770979,,,18.31055,4.969813,0.1,0,0.0003771549,0.0003771548,1.165763E-07,,,,,,3000,-57.32746,-26.35592,,,,,,,,,,,,,,,,,,,,,110402432,0,,,,,,,,,,,,,,,,
,3706006243.90563,5.59815263748169,0.268643528223038,,,3.771065,0.02238467,0.01763736,,,18.31055,4.969813,0.1,0,0.0003771063,0.0003771063,1.160846E-07,,,,,,3000,-56.122,-26.30944,,,,,,,,,,,,,,,,,,,,,110402432,0,,,,,,,,,,,,,,,,
,3706006253.63516,5.59882068634033,0.256432443857193,,,3.775056,0.01945168,0.01860604,,,18.31055,4.969813,0.1,0,0.0003775054,0.0003775054,1.225899E-07,,,,,,3000,-59.84745,-26.37035,,,,,,,,,,,,,,,,,,,,,110402432,0,,,,,,,,,,,,,,,,
,3706006263.20508,5.59989738464355,0.280854612588882,,,3.774878,0.01959262,0.01785712,,,18.31055,4.969813,0.1,0,0.0003774877,0.0003774877,1.176499E-07,,,,,,3000,-59.58149,-26.39354,,,,,,,,,,,,,,,,,,,,,110402432,0,,,,,,,,,,,,,,,,
,3706006272.28509,5.60014295578003,0.244221374392509,,,3.775294,0.01826746,0.01824547,,,18.31055,4.969813,0.1,0,0.0003775292,0.0003775292,1.202217E-07,,,,,,3000,-58.78453,-26.37221,,,,,,,,,,,,,,,,,,,,,110402432,0,,,,,,,,,,,,,,,,
,3706006368.31314,5.79958152770996,0.256432443857193,,,3.75871,0.004180808,0.02105775,,,18.31055,4.969813,0.1,0,0.0003758708,0.0003758708,1.381427E-07,,,,,,3000,-53.64866,-26.4202,,,,,,,,,,,,,,,,,,,,,110402432,0,,,,,,,,,,,,,,,,
,3706006369.1015,5.79916572570801,0.244221374392509,,,3.75871,0.004180808,0.02105775,,,18.31055,4.969813,0.1,0,0.0003758708,0.0003758708,1.381427E-07,,,,,,3000,-53.64866,-26.4202,,,,,,,,,,,,,,,,,,,,,110402432,0,,,,,,,,,,,,,,,,
,3706006369.76466,5.79895639419556,0.195377111434937,,,3.758688,0.003767172,0.02106427,,,18.31055,4.969813,0.1,0,0.0003758686,0.0003758686,1.381847E-07,,,,,,3000,-52.99902,-26.36339,,,,,,,,,,,,,,,,,,,,,110402432,0,,,,,,,,,,,,,,,,
,3706006379.14462,5.79917335510254,0.232010304927826,,,3.759101,0.003870357,0.02180365,,,18.31055,4.969813,0.1,0,0.00037591,0.00037591,1.430508E-07,,,,,,3000,-53.42477,-26.37567,,,,,,,,,,,,,,,,,,,,,110402432,0,,,,,,,,,,,,,,,,
,3706006388.52462,5.79991102218628,0.232010304927826,,,3.758957,0.004020818,0.02132465,,,18.31055,4.969813,0.1,0,0.0003758955,0.0003758955,1.399028E-07,,,,,,3000,-53.9473,-26.38171,,,,,,,,,,,,,,,,,,,,,110402432,0,,,,,,,,,,,,,,,,
,3706006513.79387,5.99860429763794,0.20758818089962,,,3.743496,0.01044336,0.0207835,,,18.31055,4.969813,0.1,0,0.0003743495,0.0003743495,1.357917E-07,,,,,,3000,-59.88516,-26.70362,,,,,,,,,,,,,,,,,,,,,110402432,0,,,,,,,,,,,,,,,,
,3706006523.36583,6.00259017944336,0.20758818089962,,,3.745954,0.01029891,0.02054638,,,18.31055,4.969813,0.1,0,0.0003745953,0.0003745953,1.343306E-07,,,,,,3000,-57.96459,-26.71618,,,,,,,,,,,,,,,,,,,,,110402432,0,,,,,,,,,,,,,,,,
,3706006532.84572,5.99952554702759,0.170954972505569,,,3.744431,0.0109208,0.01977266,,,18.31055,4.969813,0.1,0,0.000374443,0.0003744429,1.292195E-07,,,,,,3000,-60.09556,-26.65031,,,,,,,,,,,,,,,,,,,,,110402432,0,,,,,,,,,,,,,,,,
,3706006542.32583,6.0009617805481,0.195377111434937,,,3.744785,0.009801644,0.0209459,,,18.31055,4.969813,0.1,0,0.0003744784,0.0003744783,1.368999E-07,,,,,,3000,-59.32187,-26.72998,,,,,,,,,,,,,,,,,,,,,110402432,0,,,,,,,,,,,,,,,,
,3706006557.90565,6.00192356109619,0.280854612588882,,,3.743548,0.009728319,0.01954062,,,18.31055,4.969813,0.1,0,0.0003743547,0.0003743546,1.27673E-07,,,,,,3000,-76.08618,-26.66906,,,,,,,,,,,,,,,,,,,,,110402432,0,,,,,,,,,,,,,,,,
,3706006655.13053,6.20002794265747,0.244221374392509,,,3.739832,0.01201954,0.01913098,,,18.31055,4.969813,0.1,0,0.0003739831,0.0003739831,1.248725E-07,,,,,,3000,-60.67049,-27.13618,,,,,,,,,,,,,,,,,,,,,110402432,0,,,,,,,,,,,,,,,,
,3706006663.2651,6.2012767791748,0.219799250364304,,,3.739424,0.01262615,0.01918393,,,18.31055,4.969813,0.1,0,0.0003739423,0.0003739422,1.252044E-07,,,,,,3000,-61.54844,-27.15718,,,,,,,,,,,,,,,,,,,,,110402432,0,,,,,,,,,,,,,,,,
,3706006673.04503,6.19870901107788,0.244221374392509,,,3.738901,0.01308044,0.01937333,,,18.31055,4.969813,0.1,0,0.00037389,0.00037389,1.264228E-07,,,,,,3000,-64.25655,-27.11731,,,,,,,,,,,,,,,,,,,,,110402432,0,,,,,,,,,,,,,,,,
,3706006682.33501,6.20108318328857,0.268643528223038,,,3.739184,0.01161449,0.01904787,,,18.31055,4.969813,0.1,0,0.0003739183,0.0003739182,1.243084E-07,,,,,,3000,-62.88811,-27.12337,,,,,,,,,,,,,,,,,,,,,110402432,0,,,,,,,,,,,,,,,,
,3706006698.16519,6.20110273361206,0.170954972505569,,,3.73858,0.01393332,0.01936413,,,18.31055,4.969813,0.1,0,0.0003738579,0.0003738579,1.263519E-07,,,,,,3000,-57.46933,-27.05259,,,,,,,,,,,,,,,,,,,,,110402432,0,,,,,,,,,,,,,,,,
,3706006795.30463,6.40048933029175,0.195377111434937,,,3.728764,0.01919312,0.01923919,,,18.31055,4.969813,0.1,0,0.0003728762,0.0003728762,1.25207E-07,,,,,,3000,-58.83115,-27.25727,,,,,,,,,,,,,,,,,,,,,110402432,0,,,,,,,,,,,,,,,,
,3706006807.63525,6.39834117889404,0.219799250364304,,,3.731737,0.01718436,0.02033511,,,18.31055,4.969813,0.1,0,0.0003731735,0.0003731735,1.324447E-07,,,,,,3000,-55.80776,-27.13451,,,,,,,,,,,,,,,,,,,,,110402432,0,,,,,,,,,,,,,,,,
,3706006817.3263,6.39977741241455,0.134321764111519,,,3.730912,0.01764516,0.02271679,,,18.31055,4.969813,0.1,0,0.0003730911,0.000373091,1.479242E-07,,,,,,3000,-56.32587,-27.17827,,,,,,,,,,,,,,,,,,,,,110402432,0,,,,,,,,,,,,,,,,
,3706006826.70649,6.40075254440308,0.170954972505569,,,3.731602,0.01478107,0.02019247,,,18.31055,4.969813,0.1,0,0.0003731601,0.0003731601,1.31511E-07,,,,,,3000,-58.43447,-27.19942,,,,,,,,,,,,,,,,,,,,,110402432,0,,,,,,,,,,,,,,,,
,3706006832.99617,6.39962005615234,0.219799250364304,,,3.730542,0.01832427,0.01954887,,,18.31055,4.969813,0.1,0,0.0003730541,0.000373054,1.272831E-07,,,,,,3000,-58.37374,-27.20892,,,,,,,,,,,,,,,,,,,,,110402432,0,,,,,,,,,,,,,,,,
,3706006941.84568,6.60001087188721,0.158743903040886,,,3.726803,0.01938565,0.02179904,,,18.31055,4.969813,0.1,0,0.0003726802,0.0003726802,1.417918E-07,,,,,,3000,-67.03255,-27.58518,,,,,,,,,,,,,,,,,,,,,110402432,0,,,,,,,,,,,,,,,,
,3706006951.43561,6.60118246078491,0.134321764111519,,,3.726654,0.01945537,0.02224787,,,18.31055,4.969813,0.1,0,0.0003726652,0.0003726652,1.447054E-07,,,,,,3000,-65.12793,-27.546,,,,,,,,,,,,,,,,,,,,,110402432,0,,,,,,,,,,,,,,,,
,3706006960.90558,6.60113763809204,0.158743903040886,,,3.727325,0.01760454,0.02165415,,,18.31055,4.969813,0.1,0,0.0003727323,0.0003727323,1.40869E-07,,,,,,3000,-63.62374,-27.63948,,,,,,,,,,,,,,,,,,,,,110402432,0,,,,,,,,,,,,,,,,
,3706006967.28564,6.6003303527832,0.122110687196255,,,3.72405,0.02147988,0.02122873,,,18.31055,4.969813,0.1,0,0.0003724049,0.0003724048,1.379802E-07,,,,,,3000,-66.0115,-27.59048,,,,,,,,,,,,,,,,,,,,,110402432,0,,,,,,,,,,,,,,,,
,3706006976.82545,6.59915685653687,0.122110687196255,,,3.725534,0.01617696,0.02123717,,,18.31055,4.969813,0.1,0,0.0003725533,0.0003725533,1.380901E-07,,,,,,3000,-64.70164,-27.69053,,,,,,,,,,,,,,,,,,,,,110402432,0,,,,,,,,,,,,,,,,
,3706007094.39499,6.79987287521362,0.0976885557174683,,,3.728334,0.01600519,0.02173765,,,18.31055,4.969813,0.1,0,0.0003728333,0.0003728333,1.414506E-07,,,,,,3000,-61.63491,-28.23782,,,,,,,,,,,,,,,,,,,,,110402432,0,,,,,,,,,,,,,,,,
,3706007110.1848,6.80116081237793,0.0610553435981274,,,3.729458,0.01741817,0.02396312,,,18.31055,4.969813,0.1,0,0.0003729457,0.0003729456,1.559791E-07,,,,,,3000,-58.97099,-28.16215,,,,,,,,,,,,,,,,,,,,,110402432,0,,,,,,,,,,,,,,,,
,3706007119.6647,6.79868602752686,0.0366332083940506,,,3.729199,0.01820535,0.02319971,,,18.31055,4.969813,0.1,0,0.0003729198,0.0003729197,1.509995E-07,,,,,,3000,-59.63291,-28.20978,,,,,,,,,,,,,,,,,,,,,110402432,0,,,,,,,,,,,,,,,,
,3706007129.34475,6.79975509643555,0.0854774862527847,,,3.728468,0.01405415,0.0221813,,,18.31055,4.969813,0.1,0,0.0003728466,0.0003728466,1.443426E-07,,,,,,3000,-59.68714,-28.11712,,,,,,,,,,,,,,,,,,,,,110402432,0,,,,,,,,,,,,,,,,
,3706007138.53495,6.80043792724609,0.0732664167881012,,,3.729374,0.01898157,0.02294609,,,18.31055,4.969813,0.1,0,0.0003729373,0.0003729372,1.493557E-07,,,,,,3000,-59.65956,-28.1896,,,,,,,,,,,,,,,,,,,,,110402432,0,,,,,,,,,,,,,,,,
,3706007236.08156,7.00078105926514,0,,,3.717485,0.0007187729,0.02546605,,,18.31055,4.969813,0.1,0,0.0003717484,0.0003717484,1.652297E-07,,,,,,3000,-57.24577,-28.13971,,,,,,,,,,,,,,,,,,,,,110402432,0,,,,,,,,,,,,,,,,
,3706007244.63408,7.00090503692627,0,,,3.71665,0.001162709,0.02457501,,,18.31055,4.969813,0.1,0,0.0003716648,0.0003716648,1.594126E-07,,,,,,3000,-58.45411,-28.10963,,,,,,,,,,,,,,,,,,,,,110402432,0,,,,,,,,,,,,,,,,
,3706007253.62413,6.99897623062134,0,,,3.716497,0.00115345,0.02502283,,,18.31055,4.969813,0.1,0,0.0003716496,0.0003716495,1.623108E-07,,,,,,3000,-57.51226,-28.11182,,,,,,,,,,,,,,,,,,,,,110402432,0,,,,,,,,,,,,,,,,
,3706007262.56418,7.00103902816772,0.0122110694646835,,,3.717283,0.001297884,0.02476595,,,18.31055,4.969813,0.1,0,0.0003717281,0.0003717281,1.606785E-07,,,,,,3000,-57.36755,-28.13001,,,,,,,,,,,,,,,,,,,,,110402432,0,,,,,,,,,,,,,,,,
,3706007271.66388,7.00069856643677,0.109899625182152,,,3.717497,0.001186632,0.02417386,,,18.31055,4.969813,0.1,0,0.0003717496,0.0003717496,1.568462E-07,,,,,,3000,-56.64906,-28.16045,,,,,,,,,,,,,,,,,,,,,110402432,0,,,,,,,,,,,,,,,,
,3706007368.91663,7.20233154296875,0.0854774862527847,,,3.706957,0.004117618,0.02594705,,,18.31055,4.969813,0.1,0,0.0003706955,0.0003706955,1.678737E-07,,,,,,3000,-65.4794,-28.45859,,,,,,,,,,,,,,,,,,,,,110402432,0,,,,,,,,,,,,,,,,
,3706007380.50344,7.20048475265503,0.109899625182152,,,3.707577,0.003998295,0.02502384,,,18.31055,4.969813,0.1,0,0.0003707575,0.0003707575,1.619277E-07,,,,,,3000,-74.23804,-28.36376,,,,,,,,,,,,,,,,,,,,,110402432,0,,,,,,,,,,,,,,,,
,3706007390.00337,7.19867372512817,0.146532833576202,,,3.706487,0.002277846,0.0216001,,,18.31055,4.969813,0.1,0,0.0003706486,0.0003706486,1.397319E-07,,,,,,3000,-69.28912,-28.48598,,,,,,,,,,,,,,,,,,,,,110402432,0,,,,,,,,,,,,,,,,
,3706007399.08325,7.19964933395386,0.109899625182152,,,3.706641,0.00607679,0.02448864,,,18.31055,4.969813,0.1,0,0.000370664,0.0003706639,1.584245E-07,,,,,,3000,-85.98427,-28.50315,,,,,,,,,,,,,,,,,,,,,110402432,0,,,,,,,,,,,,,,,,
,3706007408.3633,7.19957065582275,0.134321764111519,,,3.707181,0.005872233,0.02471506,,,18.31055,4.969813,0.1,0,0.0003707179,0.0003707179,1.599126E-07,,,,,,3000,-68.6929,-28.38578,,,,,,,,,,,,,,,,,,,,,110402432,0,,,,,,,,,,,,,,,,
,3706007505.80232,7.39983749389648,0.0976885557174683,,,3.702964,0.007864038,0.0257188,,,18.31055,4.969813,0.1,0,0.0003702963,0.0003702963,1.662178E-07,,,,,,3000,-72.45007,-28.47756,,,,,,,,,,,,,,,,,,,,,110402432,0,,,,,,,,,,,,,,,,
,3706007516.95275,7.39988994598389,0.0854774862527847,,,3.706088,0.005461494,0.02494446,,,18.31055,4.969813,0.1,0,0.0003706087,0.0003706086,1.613493E-07,,,,,,3000,-70.98257,-28.50101,,,,,,,,,,,,,,,,,,,,,110402432,0,,,,,,,,,,,,,,,,
,3706007526.24263,7.40027523040771,0.0488442778587341,,,3.707391,0.005807477,0.02519358,,,18.31055,4.969813,0.1,0,0.0003707389,0.0003707389,1.630179E-07,,,,,,3000,-95.5013,-28.53565,,,,,,,,,,,,,,,,,,,,,110402432,0,,,,,,,,,,,,,,,,
,3706007535.23264,7.40026330947876,0.0976885557174683,,,3.707119,0.004456028,0.02550676,,,18.31055,4.969813,0.1,0,0.0003707118,0.0003707118,1.650324E-07,,,,,,3000,-72.07359,-28.57724,,,,,,,,,,,,,,,,,,,,,110402432,0,,,,,,,,,,,,,,,,
,3706007544.50257,7.39985132217407,0.146532833576202,,,3.707151,0.003651444,0.02571463,,,18.31055,4.969813,0.1,0,0.0003707149,0.0003707149,1.663787E-07,,,,,,3000,-75.72076,-28.60293,,,,,,,,,,,,,,,,,,,,,110402432,0,,,,,,,,,,,,,,,,
,3706007644.11039,7.60075235366821,0.122110687196255,,,3.703799,0.005936161,0.02564892,,,18.31055,4.969813,0.1,0,0.0003703797,0.0003703797,1.658035E-07,,,,,,3000,-80.3679,-28.92527,,,,,,,,,,,,,,,,,,,,,110402432,0,,,,,,,,,,,,,,,,
,3706007661.26398,7.5993595123291,0.109899625182152,,,3.70572,0.006618774,0.02540849,,,18.31055,4.969813,0.1,0,0.0003705719,0.0003705718,1.643345E-07,,,,,,3000,-71.39884,-28.85226,,,,,,,,,,,,,,,,,,,,,110402432,0,,,,,,,,,,,,,,,,
,3706007670.91389,7.60107898712158,0.0976885557174683,,,3.705052,0.007300186,0.0258,,,18.31055,4.969813,0.1,0,0.000370505,0.000370505,1.668366E-07,,,,,,3000,-78.22099,-28.89069,,,,,,,,,,,,,,,,,,,,,110402432,0,,,,,,,,,,,,,,,,
,3706007680.28385,7.60131788253784,0.146532833576202,,,3.704946,0.006353104,0.02599123,,,18.31055,4.969813,0.1,0,0.0003704945,0.0003704945,1.680683E-07,,,,,,3000,-84.11487,-28.89395,,,,,,,,,,,,,,,,,,,,,110402432,0,,,,,,,,,,,,,,,,
,3706007689.96368,7.59963083267212,0.158743903040886,,,3.704422,0.007011495,0.02594576,,,18.31055,4.969813,0.1,0,0.0003704421,0.0003704421,1.677506E-07,,,,,,3000,-88.79396,-28.88606,,,,,,,,,,,,,,,,,,,,,110402432,0,,,,,,,,,,,,,,,,
,3706007787.12158,7.79927110671997,0.0976885557174683,,,3.705558,0.006615863,0.02533847,,,18.31055,4.969813,0.1,0,0.0003705556,0.0003705556,1.638744E-07,,,,,,3000,-70.18127,-29.06953,,,,,,,,,,,,,,,,,,,,,110402432,0,,,,,,,,,,,,,,,,
,3706007800.66345,7.80029726028442,0.109899625182152,,,3.706229,0.006035601,0.02552365,,,18.31055,4.969813,0.1,0,0.0003706227,0.0003706227,1.651019E-07,,,,,,3000,-72.36609,-29.06664,,,,,,,,,,,,,,,,,,,,,110402432,0,,,,,,,,,,,,,,,,
,3706007810.18322,7.79990148544312,0.0366332083940506,,,3.707667,0.004501446,0.02547684,,,18.31055,4.969813,0.1,0,0.0003707666,0.0003707665,1.648631E-07,,,,,,3000,-77.42601,-28.99478,,,,,,,,,,,,,,,,,,,,,110402432,0,,,,,,,,,,,,,,,,
,3706007819.36306,7.80001592636108,-0.0122110694646835,,,3.702096,0.007405994,0.02814619,,,18.31055,4.969813,0.1,0,0.0003702095,0.0003702094,1.81863E-07,,,,,,3000,-72.37314,-28.9814,,,,,,,,,,,,,,,,,,,,,110402432,0,,,,,,,,,,,,,,,,
,3706007828.90301,7.7991886138916,0.0366332083940506,,,3.70465,0.007026296,0.02775933,,,18.31055,4.969813,0.1,0,0.0003704649,0.0003704649,1.794872E-07,,,,,,3000,-69.14147,-28.93568,,,,,,,,,,,,,,,,,,,,,110402432,0,,,,,,,,,,,,,,,,
,3706007928.39967,8.00084686279297,-0.0122110694646835,,,3.71377,0.003243587,0.02735923,,,18.31055,4.969813,0.1,0,0.0003713769,0.0003713768,1.773357E-07,,,,,,3000,-58.93419,-28.70251,,,,,,,,,,,,,,,,,,,,,110402432,0,,,,,,,,,,,,,,,,
,3706007928.6671,8.00067234039307,0.0366332083940506,,,3.71184,0.003840791,0.02816681,,,18.31055,4.969813,0.1,0,0.0003711839,0.0003711838,1.824753E-07,,,,,,3000,-58.61606,-28.71814,,,,,,,,,,,,,,,,,,,,,110402432,0,,,,,,,,,,,,,,,,
,3706007936.12261,7.99918842315674,0.0244221389293671,,,3.713629,0.002654839,0.02812652,,,18.31055,4.969813,0.1,0,0.0003713628,0.0003713627,1.823021E-07,,,,,,3000,-58.7582,-28.69932,,,,,,,,,,,,,,,,,,,,,110402432,0,,,,,,,,,,,,,,,,
,3706007944.99243,7.9993577003479,0.0122110694646835,,,3.714566,0.002356287,0.02563027,,,18.31055,4.969813,0.1,0,0.0003714565,0.0003714564,1.661646E-07,,,,,,3000,-58.98714,-28.63902,,,,,,,,,,,,,,,,,,,,,110402432,0,,,,,,,,,,,,,,,,
,3706007954.23236,8.00024509429932,0.0366332083940506,,,3.712329,0.003703852,0.02684844,,,18.31055,4.969813,0.1,0,0.0003712327,0.0003712327,1.739573E-07,,,,,,3000,-57.87458,-28.72756,,,,,,,,,,,,,,,,,,,,,110402432,0,,,,,,,,,,,,,,,,
,3706008071.83173,8.19934463500977,0.0488442778587341,,,3.731655,0.01655866,0.02804072,,,18.31055,4.969813,0.1,0,0.0003731654,0.0003731654,1.826282E-07,,,,,,3000,-77.60406,-28.80912,,,,,,,,,,,,,,,,,,,,,110402432,0,,,,,,,,,,,,,,,,
,3706008080.95178,8.20069026947021,0.0366332083940506,,,3.729988,0.01888062,0.02809161,,,18.31055,4.969813,0.1,0,0.0003729987,0.0003729986,1.828779E-07,,,,,,3000,-83.98689,-28.79254,,,,,,,,,,,,,,,,,,,,,110402432,0,,,,,,,,,,,,,,,,
,3706008089.92169,8.20039081573486,0.0366332083940506,,,3.731623,0.01696888,0.02841713,,,18.31055,4.969813,0.1,0,0.0003731622,0.0003731621,1.850781E-07,,,,,,3000,-80.07738,-28.7987,,,,,,,,,,,,,,,,,,,,,110402432,0,,,,,,,,,,,,,,,,
,3706008099.012,8.19932174682617,0,,,3.730414,0.01791018,0.02800259,,,18.31055,4.969813,0.1,0,0.0003730413,0.0003730412,1.823192E-07,,,,,,3000,-84.60571,-28.79738,,,,,,,,,,,,,,,,,,,,,110402432,0,,,,,,,,,,,,,,,,
,3706008108.69153,8.1998291015625,0.0244221389293671,,,3.729883,0.01876944,0.02896202,,,18.31055,4.969813,0.1,0,0.0003729882,0.0003729881,1.88539E-07,,,,,,3000,-79.65385,-28.77563,,,,,,,,,,,,,,,,,,,,,110402432,0,,,,,,,,,,,,,,,,
,3706008207.65799,8.39974880218506,0.0854774862527847,,,3.746283,0.00600719,0.03381827,,,18.31055,4.969813,0.1,0,0.0003746281,0.0003746281,2.211206E-07,,,,,,3000,-71.6726,-29.03018,,,,,,,,,,,,,,,,,,,,,110402432,0,,,,,,,,,,,,,,,,
,3706008207.92891,8.39974880218506,0.0366332083940506,,,3.746494,0.006899441,0.03239693,,,18.31055,4.969813,0.1,0,0.0003746493,0.0003746492,2.118391E-07,,,,,,3000,-69.41515,-29.03229,,,,,,,,,,,,,,,,,,,,,110402432,0,,,,,,,,,,,,,,,,
,3706008215.58104,8.40095996856689,0.0366332083940506,,,3.746302,0.007567603,0.03223238,,,18.31055,4.969813,0.1,0,0.0003746301,0.00037463,2.107523E-07,,,,,,3000,-70.68168,-29.04258,,,,,,,,,,,,,,,,,,,,,110402432,0,,,,,,,,,,,,,,,,
,3706008225.15101,8.39968776702881,-0.0122110694646835,,,3.746869,0.008391529,0.03191789,,,18.31055,4.969813,0.1,0,0.0003746868,0.0003746868,2.087276E-07,,,,,,3000,-71.11623,-29.03763,,,,,,,,,,,,,,,,,,,,,110402432,0,,,,,,,,,,,,,,,,
,3706008234.42105,8.39959907531738,0.0122110694646835,,,3.747215,0.009218005,0.0298495,,,18.31055,4.969813,0.1,0,0.0003747214,0.0003747213,1.952193E-07,,,,,,3000,-69.18324,-29.02156,,,,,,,,,,,,,,,,,,,,,110402432,0,,,,,,,,,,,,,,,,
,3706008347.82043,8.60052680969238,0.0732664167881012,,,3.771913,0.01807049,0.03139492,,,18.31055,4.969813,0.1,0,0.0003771912,0.0003771911,2.066799E-07,,,,,,3000,-68.28078,-29.27392,,,,,,,,,,,,,,,,,,,,,110402432,0,,,,,,,,,,,,,,,,
,3706008357.11029,8.60056972503662,0.0366332083940506,,,3.770382,0.01875007,0.02979756,,,18.31055,4.969813,0.1,0,0.0003770381,0.000377038,1.960845E-07,,,,,,3000,-70.00146,-29.31687,,,,,,,,,,,,,,,,,,,,,110402432,0,,,,,,,,,,,,,,,,
,3706008366.5105,8.59863376617432,0.0244221389293671,,,3.770092,0.01621535,0.02974581,,,18.31055,4.969813,0.1,0,0.0003770091,0.0003770091,1.957289E-07,,,,,,3000,-78.38815,-29.3659,,,,,,,,,,,,,,,,,,,,,110402432,0,,,,,,,,,,,,,,,,
,3706008375.89014,8.59965991973877,0.0732664167881012,,,3.772556,0.004570588,0.0302789,,,18.31055,4.969813,0.1,0,0.0003772554,0.0003772554,1.993668E-07,,,,,,3000,-68.17439,-29.24854,,,,,,,,,,,,,,,,,,,,,110402432,0,,,,,,,,,,,,,,,,
,3706008385.27016,8.59961986541748,0.0366332083940506,,,3.769668,0.0154791,0.03004144,,,18.31055,4.969813,0.1,0,0.0003769667,0.0003769666,1.976519E-07,,,,,,3000,-75.03722,-29.35514,,,,,,,,,,,,,,,,,,,,,110402432,0,,,,,,,,,,,,,,,,
,3706008484.12596,8.80000400543213,0.109899625182152,,,3.80478,0.001951028,0.03230911,,,18.31055,4.969813,0.1,0,0.0003804779,0.0003804778,2.145516E-07,,,,,,3000,-60.0399,-29.34212,,,,,,,,,,,,,,,,,,,,,110402432,0,,,,,,,,,,,,,,,,
,3706008484.38866,8.79977226257324,0.134321764111519,,,3.805721,0.002222727,0.03117314,,,18.31055,4.969813,0.1,0,0.000380572,0.0003805719,2.070593E-07,,,,,,3000,-59.24084,-29.35376,,,,,,,,,,,,,,,,,,,,,110402432,0,,,,,,,,,,,,,,,,
,3706008492.22959,8.8001594543457,0.0976885557174683,,,3.805828,0.002506474,0.03157885,,,18.31055,4.969813,0.1,0,0.0003805827,0.0003805826,2.0976E-07,,,,,,3000,-59.49411,-29.36985,,,,,,,,,,,,,,,,,,,,,110402432,0,,,,,,,,,,,,,,,,
,3706008501.59971,8.80078029632568,0.122110687196255,,,3.804827,0.004297412,0.03096019,,,18.31055,4.969813,0.1,0,0.0003804826,0.0003804825,2.055965E-07,,,,,,3000,-60.38078,-29.34682,,,,,,,,,,,,,,,,,,,,,110402432,0,,,,,,,,,,,,,,,,
,3706008510.88956,8.79924011230469,0.0976885557174683,,,3.805457,0.004139644,0.03139861,,,18.31055,4.969813,0.1,0,0.0003805456,0.0003805455,2.085425E-07,,,,,,3000,-60.21379,-29.33055,,,,,,,,,,,,,,,,,,,,,110402432,0,,,,,,,,,,,,,,,,
,3706008610.39828,8.99967098236084,0.0488442778587341,,,3.82871,0.01638093,0.03302585,,,18.31055,4.969813,0.1,0,0.0003828709,0.0003828708,2.206906E-07,,,,,,3000,-60.75346,-29.74808,,,,,,,,,,,,,,,,,,,,,110402432,0,,,,,,,,,,,,,,,,
,3706008628.20892,8.99981212615967,0,,,3.817438,0.007802705,0.03090729,,,18.31055,4.969813,0.1,0,0.0003817437,0.0003817437,2.059255E-07,,,,,,3000,-79.90546,-29.90498,,,,,,,,,,,,,,,,,,,,,110402432,0,,,,,,,,,,,,,,,,
,3706008637.68886,9.00086116790771,0.0244221389293671,,,3.820314,0.02007909,0.03240024,,,18.31055,4.969813,0.1,0,0.0003820313,0.0003820313,2.160352E-07,,,,,,3000,-62.57718,-29.8838,,,,,,,,,,,,,,,,,,,,,110402432,0,,,,,,,,,,,,,,,,
,3706008647.17883,8.99965763092041,0.0488442778587341,,,3.820328,0.0197994,0.03290936,,,18.31055,4.969813,0.1,0,0.0003820327,0.0003820326,2.194306E-07,,,,,,3000,-65.70212,-29.88217,,,,,,,,,,,,,,,,,,,,,110402432,0,,,,,,,,,,,,,,,,
,3706008656.45876,9.00015258789063,0.0488442778587341,,,3.820269,0.02064878,0.03233818,,,18.31055,4.969813,0.1,0,0.0003820267,0.0003820267,2.156188E-07,,,,,,3000,-64.67737,-29.86554,,,,,,,,,,,,,,,,,,,,,110402432,0,,,,,,,,,,,,,,,,
,3706008754.32421,9.20002365112305,-0.0366332083940506,,,3.858082,0.001908178,0.03414302,,,18.31055,4.969813,0.1,0,0.0003858081,0.0003858081,2.299062E-07,,,,,,3000,-72.53207,-29.92387,,,,,,,,,,,,,,,,,,,,,110402432,0,,,,,,,,,,,,,,,,
,3706008766.33821,9.19977283477783,-0.0244221389293671,,,3.857524,0.001996262,0.03391588,,,18.31055,4.969813,0.1,0,0.0003857523,0.0003857523,2.283437E-07,,,,,,3000,-68.98555,-29.93305,,,,,,,,,,,,,,,,,,,,,110402432,0,,,,,,,,,,,,,,,,
,3706008775.8982,9.20026302337646,0.0122110694646835,,,3.856392,0.002192614,0.03344063,,,18.31055,4.969813,0.1,0,0.0003856391,0.0003856391,2.250779E-07,,,,,,3000,-66.53412,-29.93454,,,,,,,,,,,,,,,,,,,,,110402432,0,,,,,,,,,,,,,,,,
,3706008784.87802,9.19989204406738,-0.0488442778587341,,,3.858157,0.001538041,0.03304072,,,18.31055,4.969813,0.1,0,0.0003858155,0.0003858155,2.22488E-07,,,,,,3000,-78.52,-29.96806,,,,,,,,,,,,,,,,,,,,,110402432,0,,,,,,,,,,,,,,,,
,3706008794.24804,9.20043182373047,-0.0488442778587341,,,3.858414,0.0017189,0.03378106,,,18.31055,4.969813,0.1,0,0.0003858413,0.0003858412,2.274884E-07,,,,,,3000,-71.65116,-29.97533,,,,,,,,,,,,,,,,,,,,,110402432,0,,,,,,,,,,,,,,,,
,3706008891.57607,9.39916801452637,0,,,3.907095,0.001841997,0.03321223,,,18.31055,4.969813,0.1,0,0.0003907093,0.0003907093,2.264797E-07,,,,,,3000,-64.7095,-30.31047,,,,,,,,,,,,,,,,,,,,,110402432,0,,,,,,,,,,,,,,,,
,3706008903.73753,9.39978504180908,0,,,3.908027,0.001147675,0.03545962,,,18.31055,4.969813,0.1,0,0.0003908026,0.0003908025,2.418627E-07,,,,,,3000,-66.80507,-30.27554,,,,,,,,,,,,,,,,,,,,,110402432,0,,,,,,,,,,,,,,,,
,3706008912.9175,9.39931201934814,-0.0244221389293671,,,3.908286,0.0007719559,0.0353754,,,18.31055,4.969813,0.1,0,0.0003908285,0.0003908284,2.413042E-07,,,,,,3000,-64.85089,-30.24648,,,,,,,,,,,,,,,,,,,,,110402432,0,,,,,,,,,,,,,,,,
,3706008922.31755,9.40074634552002,-0.0366332083940506,,,3.906413,0.00184672,0.03432902,,,18.31055,4.969813,0.1,0,0.0003906412,0.0003906412,2.340544E-07,,,,,,3000,-77.79678,-30.36362,,,,,,,,,,,,,,,,,,,,,110402432,0,,,,,,,,,,,,,,,,
,3706008931.5976,9.39922046661377,-0.0122110694646835,,,3.907696,0.0006686862,0.03478355,,,18.31055,4.969813,0.1,0,0.0003907695,0.0003907695,2.372313E-07,,,,,,3000,-62.21371,-30.30529,,,,,,,,,,,,,,,,,,,,,110402432,0,,,,,,,,,,,,,,,,
,3706009048.89672,9.59883403778076,0.0122110694646835,,,3.964651,0.01993784,0.03625645,,,18.31055,4.969813,0.1,0,0.000396465,0.000396465,2.508809E-07,,,,,,3000,-80.95839,-30.5197,,,,,,,,,,,,,,,,,,,,,110402432,0,,,,,,,,,,,,,,,,
,3706009057.77676,9.59985256195068,0,,,3.963172,0.02087517,0.03676115,,,18.31055,4.969813,0.1,0,0.0003963171,0.000396317,2.542783E-07,,,,,,3000,-81.55811,-30.47383,,,,,,,,,,,,,,,,,,,,,110402432,0,,,,,,,,,,,,,,,,
,3706009067.13684,9.60102653503418,0.0122110694646835,,,3.964999,0.01962393,0.03637123,,,18.31055,4.969813,0.1,0,0.0003964998,0.0003964997,2.516971E-07,,,,,,3000,-80.10324,-30.5181,,,,,,,,,,,,,,,,,,,,,110402432,0,,,,,,,,,,,,,,,,
,3706009076.32656,9.60050773620605,0.0122110694646835,,,3.965172,0.0190528,0.03632691,,,18.31055,4.969813,0.1,0,0.0003965171,0.000396517,2.514014E-07,,,,,,3000,-77.5808,-30.52548,,,,,,,,,,,,,,,,,,,,,110402432,0,,,,,,,,,,,,,,,,
,3706009085.74666,9.59969234466553,0.0366332083940506,,,3.964908,0.01977413,0.03606686,,,18.31055,4.969813,0.1,0,0.0003964907,0.0003964907,2.495851E-07,,,,,,3000,-83.06591,-30.54697,,,,,,,,,,,,,,,,,,,,,110402432,0,,,,,,,,,,,,,,,,
,3706009183.33607,9.79946804046631,-0.0366332083940506,,,4.03894,0.006253902,0.03693305,,,18.31055,4.969813,0.1,0,0.0004038939,0.0004038938,2.603513E-07,,,,,,3000,-64.42491,-30.78558,,,,,,,,,,,,,,,,,,,,,110402432,0,,,,,,,,,,,,,,,,
,3706009183.99258,9.79987716674805,-0.0488442778587341,,,4.03894,0.006253902,0.03693305,,,18.31055,4.969813,0.1,0,0.0004038939,0.0004038938,2.603513E-07,,,,,,3000,-64.42491,-30.78558,,,,,,,,,,,,,,,,,,,,,110402432,0,,,,,,,,,,,,,,,,
,3706009186.06593,9.79953193664551,-0.0244221389293671,,,4.03937,0.006376471,0.03578048,,,18.31055,4.969813,0.1,0,0.0004039369,0.0004039368,2.522534E-07,,,,,,3000,-64.6295,-30.77101,,,,,,,,,,,,,,,,,,,,,110402432,0,,,,,,,,,,,,,,,,
,3706009195.57596,9.79960250854492,-0.0122110694646835,,,4.039384,0.006446436,0.03497713,,,18.31055,4.969813,0.1,0,0.0004039383,0.0004039382,2.465906E-07,,,,,,3000,-64.87962,-30.75732,,,,,,,,,,,,,,,,,,,,,110402432,0,,,,,,,,,,,,,,,,
,3706009204.84601,9.80021381378174,-0.0244221389293671,,,4.039862,0.004602554,0.03568149,,,18.31055,4.969813,0.1,0,0.0004039861,0.000403986,2.515862E-07,,,,,,3000,-64.51867,-30.77518,,,,,,,,,,,,,,,,,,,,,110402432,0,,,,,,,,,,,,,,,,
,3706009326.51536,10.0003786087036,-0.0366332083940506,,,4.116411,0.01460822,0.03686729,,,18.31055,4.969813,0.1,0,0.000411641,0.0004116409,2.648727E-07,,,,,,3000,-76.49295,-31.14208,,,,,,,,,,,,,,,,,,,,,110402432,0,,,,,,,,,,,,,,,,
,3706009336.08558,10.0001306533813,-0.0488442778587341,,,4.1152,0.004879139,0.03553353,,,18.31055,4.969813,0.1,0,0.0004115199,0.0004115198,2.552152E-07,,,,,,3000,-81.04335,-31.22152,,,,,,,,,,,,,,,,,,,,,110402432,0,,,,,,,,,,,,,,,,
,3706009345.47561,10.0001192092896,-0.0244221389293671,,,4.115322,0.008294001,0.03625669,,,18.31055,4.969813,0.1,0,0.0004115321,0.000411532,2.604169E-07,,,,,,3000,-77.9426,-31.16999,,,,,,,,,,,,,,,,,,,,,110402432,0,,,,,,,,,,,,,,,,
,3706009354.97511,10.000205039978,0.0244221389293671,,,4.117497,0.01310056,0.03714576,,,18.31055,4.969813,0.1,0,0.0004117496,0.0004117496,2.669438E-07,,,,,,3000,-73.74391,-31.14189,,,,,,,,,,,,,,,,,,,,,110402432,0,,,,,,,,,,,,,,,,
,3706009364.14507,9.9996452331543,-0.0244221389293671,,,4.118361,0.006495052,0.0363778,,,18.31055,4.969813,0.1,0,0.000411836,0.0004118359,2.614797E-07,,,,,,3000,-80.85522,-31.19433,,,,,,,,,,,,,,,,,,,,,110402432,0,,,,,,,,,,,,,,,,
,3706009452.85419,10.1998434066772,-0.0488442778587341,,,4.214061,0.006404359,0.03846763,,,18.31055,4.969813,0.1,0,0.000421406,0.0004214059,2.829264E-07,,,,,,3000,-61.74002,-31.54518,,,,,,,,,,,,,,,,,,,,,110402432,0,,,,,,,,,,,,,,,,
,3706009453.46419,10.1996965408325,-0.0366332083940506,,,4.214061,0.006404359,0.03846763,,,18.31055,4.969813,0.1,0,0.000421406,0.0004214059,2.829264E-07,,,,,,3000,-61.74002,-31.54518,,,,,,,,,,,,,,,,,,,,,110402432,0,,,,,,,,,,,,,,,,
,3706009458.82518,10.1999664306641,-0.0122110694646835,,,4.212872,0.01356095,0.03821233,,,18.31055,4.969813,0.1,0,0.0004212871,0.000421287,2.809694E-07,,,,,,3000,-62.15746,-31.53909,,,,,,,,,,,,,,,,,,,,,110402432,0,,,,,,,,,,,,,,,,
,3706009468.11455,10.1996898651123,-0.0488442778587341,,,4.213379,0.009234171,0.03785482,,,18.31055,4.969813,0.1,0,0.0004213378,0.0004213377,2.783742E-07,,,,,,3000,-62.12959,-31.54298,,,,,,,,,,,,,,,,,,,,,110402432,0,,,,,,,,,,,,,,,,
,3706009477.55447,10.2005681991577,0.0122110694646835,,,4.213843,0.004423595,0.03748231,,,18.31055,4.969813,0.1,0,0.0004213842,0.0004213841,2.756652E-07,,,,,,3000,-60.5812,-31.53357,,,,,,,,,,,,,,,,,,,,,110402432,0,,,,,,,,,,,,,,,,
,3706009596.8341,10.399866104126,0,,,4.349518,0.01794386,0.0392142,,,18.31055,4.969813,0.1,0,0.0004349517,0.0004349516,2.976883E-07,,,,,,3000,-76.17056,-32.46092,,,,,,,,,,,,,,,,,,,,,110402432,0,,,,,,,,,,,,,,,,
,3706009606.23385,10.3993234634399,-0.0488442778587341,,,4.352592,0.01663738,0.03807008,,,18.31055,4.969813,0.1,0,0.000435259,0.000435259,2.892071E-07,,,,,,3000,-71.24202,-32.4184,,,,,,,,,,,,,,,,,,,,,110402432,0,,,,,,,,,,,,,,,,
,3706009615.67368,10.399266242981,-0.0122110694646835,,,4.351136,0.01717302,0.03930302,,,18.31055,4.969813,0.1,0,0.0004351135,0.0004351134,2.984736E-07,,,,,,3000,-68.93893,-32.55166,,,,,,,,,,,,,,,,,,,,,110402432,0,,,,,,,,,,,,,,,,
,3706009625.1537,10.3996534347534,-0.0244221389293671,,,4.351224,0.01403227,0.03963242,,,18.31055,4.969813,0.1,0,0.0004351224,0.0004351223,3.009812E-07,,,,,,3000,-67.59202,-32.50047,,,,,,,,,,,,,,,,,,,,,110402432,0,,,,,,,,,,,,,,,,
,3706009634.86364,10.3992528915405,0.0122110694646835,,,4.350184,0.01862915,0.0388118,,,18.31055,4.969813,0.1,0,0.0004350183,0.0004350182,2.946787E-07,,,,,,3000,-65.35274,-32.64262,,,,,,,,,,,,,,,,,,,,,110402432,0,,,,,,,,,,,,,,,,
,3706009725.31943,10.5987777709961,-0.0244221389293671,,,4.497059,0.01276272,0.03832715,,,18.31055,4.969813,0.1,0,0.0004497058,0.0004497057,3.008239E-07,,,,,,3000,-81.68433,-33.07531,,,,,,,,,,,,,,,,,,,,,110402432,0,,,,,,,,,,,,,,,,
,3706009737.24318,10.5998916625977,-0.0244221389293671,,,4.497677,0.01503402,0.03816557,,,18.31055,4.969813,0.1,0,0.0004497676,0.0004497675,2.995968E-07,,,,,,3000,-78.98472,-33.05477,,,,,,,,,,,,,,,,,,,,,110402432,0,,,,,,,,,,,,,,,,
,3706009746.92307,10.5998687744141,0.0122110694646835,,,4.496207,0.01129981,0.03870916,,,18.31055,4.969813,0.1,0,0.0004496207,0.0004496205,3.037648E-07,,,,,,3000,-90.08638,-33.12442,,,,,,,,,,,,,,,,,,,,,110402432,0,,,,,,,,,,,,,,,,
,3706009756.40309,10.6000680923462,-0.0366332083940506,,,4.498288,0.0155701,0.03848542,,,18.31055,4.969813,0.1,0,0.0004498287,0.0004498286,3.021487E-07,,,,,,3000,-77.7935,-33.05115,,,,,,,,,,,,,,,,,,,,,110402432,0,,,,,,,,,,,,,,,,
,3706009765.97295,10.6007022857666,0.0122110694646835,,,4.496011,0.01499114,0.03814259,,,18.31055,4.969813,0.1,0,0.000449601,0.0004496009,2.993056E-07,,,,,,3000,-81.09859,-33.1046,,,,,,,,,,,,,,,,,,,,,110402432,0,,,,,,,,,,,,,,,,
,3706009855.02172,10.8001565933228,-0.0610553435981274,,,4.706562,0.004450483,0.04120355,,,18.31055,4.969813,0.1,0,0.0004706561,0.000470656,3.384665E-07,,,,,,3000,-82.0349,-33.56886,,,,,,,,,,,,,,,,,,,,,110402432,0,,,,,,,,,,,,,,,,
,3706009870.58286,10.7998838424683,-0.0854774862527847,,,4.705932,0.0003819269,0.04113032,,,18.31055,4.969813,0.1,0,0.000470593,0.0004705929,3.378196E-07,,,,,,3000,-70.75969,-33.55084,,,,,,,,,,,,,,,,,,,,,110402432,0,,,,,,,,,,,,,,,,
,3706009879.87243,10.8000049591064,-0.0732664167881012,,,4.706224,0.002364615,0.04086777,,,18.31055,4.969813,0.1,0,0.0004706223,0.0004706222,3.356841E-07,,,,,,3000,-72.58633,-33.55196,,,,,,,,,,,,,,,,,,,,,110402432,0,,,,,,,,,,,,,,,,
,3706009889.07236,10.7998905181885,-0.0610553435981274,,,4.706164,0.003086797,0.04088715,,,18.31055,4.969813,0.1,0,0.0004706163,0.0004706162,3.35839E-07,,,,,,3000,-69.18745,-33.57518,,,,,,,,,,,,,,,,,,,,,110402432,0,,,,,,,,,,,,,,,,
,3706009898.52228,10.8003339767456,-0.0732664167881012,,,4.706245,0.005792956,0.04064144,,,18.31055,4.969813,0.1,0,0.0004706245,0.0004706243,3.338266E-07,,,,,,3000,-78.78436,-33.59305,,,,,,,,,,,,,,,,,,,,,110402432,0,,,,,,,,,,,,,,,,
,3706010010.61068,10.9998264312744,-0.0488442778587341,,,5.028251,0.0004323761,0.0430884,,,18.31055,4.969813,0.1,0,0.000502825,0.0005028249,3.781417E-07,,,,,,3000,-63.95988,-33.91718,,,,,,,,,,,,,,,,,,,,,110402432,0,,,,,,,,,,,,,,,,
,3706010020.10169,11.0000619888306,-0.0976885557174683,,,5.0265,0.01236125,0.04257161,,,18.31055,4.969813,0.1,0,0.0005026499,0.0005026498,3.734763E-07,,,,,,3000,-64.59844,-33.91198,,,,,,,,,,,,,,,,,,,,,110402432,0,,,,,,,,,,,,,,,,
,3706010029.78167,11.0000076293945,-0.0488442778587341,,,5.027374,0.000507082,0.04298312,,,18.31055,4.969813,0.1,0,0.0005027373,0.0005027372,3.77152E-07,,,,,,3000,-64.11641,-33.91539,,,,,,,,,,,,,,,,,,,,,110402432,0,,,,,,,,,,,,,,,,
,3706010039.23156,11.000298500061,-0.0976885557174683,,,5.028669,0.01201653,0.04285425,,,18.31055,4.969813,0.1,0,0.0005028668,0.0005028667,3.761181E-07,,,,,,3000,-64.25317,-33.91499,,,,,,,,,,,,,,,,,,,,,110402432,0,,,,,,,,,,,,,,,,
,3706010048.90144,10.9998846054077,-0.0854774862527847,,,5.027096,0.008896733,0.04263377,,,18.31055,4.969813,0.1,0,0.0005027095,0.0005027094,3.740659E-07,,,,,,3000,-64.92059,-33.90294,,,,,,,,,,,,,,,,,,,,,110402432,0,,,,,,,,,,,,,,,,
,3706010139.40801,11.201096534729,-0.0610553435981274,,,5.576019,0.000665723,0.04547574,,,18.31055,4.969813,0.1,0,0.0005576019,0.0005576017,4.425693E-07,,,,,,3000,-75.0495,-35.95283,,,,,,,,,,,,,,,,,,,,,110402432,0,,,,,,,,,,,,,,,,
,3706010144.87103,11.2009172439575,-0.0610553435981274,,,5.576444,0.0003291848,0.04515679,,,18.31055,4.969813,0.1,0,0.0005576444,0.0005576442,4.394988E-07,,,,,,3000,-77.17095,-35.96003,,,,,,,,,,,,,,,,,,,,,110402432,0,,,,,,,,,,,,,,,,
,3706010153.74097,11.1991195678711,-0.0854774862527847,,,5.57525,0.001731313,0.04520629,,,18.31055,4.969813,0.1,0,0.0005575249,0.0005575247,4.398863E-07,,,,,,3000,-76.3359,-35.94843,,,,,,,,,,,,,,,,,,,,,110402432,0,,,,,,,,,,,,,,,,
,3706010162.71094,11.1998825073242,-0.0610553435981274,,,5.570702,0.001701409,0.04520682,,,18.31055,4.969813,0.1,0,0.0005570701,0.0005570699,4.395326E-07,,,,,,3000,-75.50317,-35.92966,,,,,,,,,,,,,,,,,,,,,110402432,0,,,,,,,,,,,,,,,,
,3706010171.50089,11.1999206542969,-0.0610553435981274,,,5.574136,0.002238973,0.04522566,,,18.31055,4.969813,0.1,0,0.0005574136,0.0005574134,4.39987E-07,,,,,,3000,-75.68191,-35.93764,,,,,,,,,,,,,,,,,,,,,110402432,0,,,,,,,,,,,,,,,,
,3706010287.89033,11.3994302749634,0,,,7.007997,0.001134151,0.0485296,,,18.31055,4.969813,0.1,0,0.0007007996,0.0007007993,5.93578E-07,,,,,,3000,-99.6674,-65.49153,,,,,,,,,,,,,,,,,,,,,110402432,0,,,,,,,,,,,,,,,,
,3706010297.3792,11.4000444412231,-0.0610553435981274,,,7.009312,0.0006141089,0.04841751,,,18.31055,4.969813,0.1,0,0.0007009311,0.0007009309,5.923182E-07,,,,,,3000,-98.48705,-65.61102,,,,,,,,,,,,,,,,,,,,,110402432,0,,,,,,,,,,,,,,,,
,3706010306.96055,11.3997182846069,-0.0366332083940506,,,7.009661,0.0006796548,0.04849343,,,18.31055,4.969813,0.1,0,0.000700966,0.0007009658,5.932766E-07,,,,,,3000,-100.9847,-65.71168,,,,,,,,,,,,,,,,,,,,,110402432,0,,,,,,,,,,,,,,,,
,3706010316.33014,11.4011449813843,-0.0244221389293671,,,7.014729,0.02259949,0.0485448,,,18.31055,4.969813,0.1,0,0.0007014727,0.0007014725,5.943344E-07,,,,,,3000,-98.99578,-66.1066,,,,,,,,,,,,,,,,,,,,,110402432,0,,,,,,,,,,,,,,,,
,3706010325.41005,11.4006271362305,-0.0244221389293671,,,7.015818,0.02096331,0.04848437,,,18.31055,4.969813,0.1,0,0.0007015817,0.0007015814,5.936867E-07,,,,,,3000,-98.53949,-66.32222,,,,,,,,,,,,,,,,,,,,,110402432,0,,,,,,,,,,,,,,,,
,3706010414.99711,11.6007137298584,-0.0854774862527847,,,7.091769,0.004017144,0.04998864,,,18.31055,4.969813,0.1,0,0.0007091768,0.0007091765,6.187328E-07,,,,,,3000,-98.24873,-85.61391,,,,,,,,,,,,,,,,,,,,,110402432,0,,,,,,,,,,,,,,,,
,3706010415.4261,11.6007137298584,-0.0610553435981274,,,7.091769,0.004017144,0.04998864,,,18.31055,4.969813,0.1,0,0.0007091768,0.0007091765,6.187328E-07,,,,,,3000,-98.24873,-85.61391,,,,,,,,,,,,,,,,,,,,,110402432,0,,,,,,,,,,,,,,,,
,3706010422.19963,11.5992918014526,-0.0488442778587341,,,7.091932,0.00586316,0.04976216,,,18.31055,4.969813,0.1,0,0.0007091932,0.0007091929,6.159439E-07,,,,,,3000,-99.53047,-86.20468,,,,,,,,,,,,,,,,,,,,,110402432,0,,,,,,,,,,,,,,,,
,3706010431.76953,11.600489616394,-0.0366332083940506,,,7.092005,0.006080225,0.04973185,,,18.31055,4.969813,0.1,0,0.0007092005,0.0007092002,6.155749E-07,,,,,,3000,-96.0759,-86.35535,,,,,,,,,,,,,,,,,,,,,110402432,0,,,,,,,,,,,,,,,,
,3706010441.40949,11.6000699996948,0.0122110694646835,,,7.091881,0.005409836,0.04969521,,,18.31055,4.969813,0.1,0,0.0007091881,0.0007091878,6.151107E-07,,,,,,3000,-98.60092,-87.13184,,,,,,,,,,,,,,,,,,,,,110402432,0,,,,,,,,,,,,,,,,
,3706010552.0889,11.8003959655762,-0.0122110694646835,,,7.065247,0.02047627,0.04982518,,,18.31055,4.969813,0.1,0,0.0007065246,0.0007065244,6.144033E-07,,,,,,3000,-95.21318,-87.07185,,,,,,,,,,,,,,,,,,,,,110402432,0,,,,,,,,,,,,,,,,
,3706010558.16896,11.8005418777466,-0.0122110694646835,,,7.065414,0.01399172,0.04981981,,,18.31055,4.969813,0.1,0,0.0007065414,0.0007065411,6.143516E-07,,,,,,3000,-95.55042,-87.54988,,,,,,,,,,,,,,,,,,,,,110402432,0,,,,,,,,,,,,,,,,
,3706010567.33877,11.8000841140747,-0.0244221389293671,,,7.065311,0.01926554,0.04986965,,,18.31055,4.969813,0.1,0,0.000706531,0.0007065308,6.149571E-07,,,,,,3000,-97.95068,-86.72578,,,,,,,,,,,,,,,,,,,,,110402432,0,,,,,,,,,,,,,,,,
,3706010576.61775,11.7997407913208,0.0854774862527847,,,7.065376,0.01680829,0.04986279,,,18.31055,4.969813,0.1,0,0.0007065376,0.0007065373,6.148782E-07,,,,,,3000,-96.98039,-86.43452,,,,,,,,,,,,,,,,,,,,,110402432,0,,,,,,,,,,,,,,,,
,3706010586.18872,11.799635887146,0.0366332083940506,,,7.065599,0.007364393,0.04988058,,,18.31055,4.969813,0.1,0,0.0007065599,0.0007065596,6.151171E-07,,,,,,3000,-98.86979,-86.37466,,,,,,,,,,,,,,,,,,,,,110402432,0,,,,,,,,,,,,,,,,
,3706010675.24855,12.0002317428589,0,,,7.039155,0.0002116569,0.05033511,,,18.31055,4.969813,0.1,0,0.0007039155,0.0007039152,6.183992E-07,,,,,,3000,-96.85871,-85.77561,,,,,,,,,,,,,,,,,,,,,110402432,0,,,,,,,,,,,,,,,,
,3706010699.66814,12.0001401901245,0.0366332083940506,,,7.039279,0.0001804675,0.04994873,,,18.31055,4.969813,0.1,0,0.0007039278,0.0007039275,6.13663E-07,,,,,,3000,-95.22881,-86.34198,,,,,,,,,,,,,,,,,,,,,110402432,0,,,,,,,,,,,,,,,,
,3706010709.15809,11.99973487854,0.0122110694646835,,,7.039474,0.0002176801,0.05002221,,,18.31055,4.969813,0.1,0,0.0007039474,0.0007039471,6.145828E-07,,,,,,3000,-95.92052,-85.77587,,,,,,,,,,,,,,,,,,,,,110402432,0,,,,,,,,,,,,,,,,
,3706010718.57803,12.0006856918335,0,,,7.039384,0.0002013363,0.04988969,,,18.31055,4.969813,0.1,0,0.0007039384,0.0007039381,6.129468E-07,,,,,,3000,-96.75452,-86.5983,,,,,,,,,,,,,,,,,,,,,110402432,0,,,,,,,,,,,,,,,,
,3706010727.76795,12.0002317428589,0.0366332083940506,,,7.039389,0.0001923759,0.04993008,,,18.31055,4.969813,0.1,0,0.0007039388,0.0007039385,6.134434E-07,,,,,,3000,-96.60649,-86.23565,,,,,,,,,,,,,,,,,,,,,110402432,0,,,,,,,,,,,,,,,,
,3706010817.0095,12.2007083892822,0.0732664167881012,,,7.013576,0.0001982745,0.05040149,,,18.31055,4.969813,0.1,0,0.0007013576,0.0007013573,6.169645E-07,,,,,,3000,-96.99657,-86.1355,,,,,,,,,,,,,,,,,,,,,110402432,0,,,,,,,,,,,,,,,,
,3706010835.08741,12.1988010406494,0.109899625182152,,,7.013746,0.000221904,0.04998039,,,18.31055,4.969813,0.1,0,0.0007013746,0.0007013743,6.118246E-07,,,,,,3000,-96.49243,-87.18619,,,,,,,,,,,,,,,,,,,,,110402432,0,,,,,,,,,,,,,,,,
,3706010844.44735,12.199649810791,0.183166027069092,,,7.013788,0.0002058015,0.04999521,,,18.31055,4.969813,0.1,0,0.0007013788,0.0007013785,6.120097E-07,,,,,,3000,-108.8156,-86.58891,,,,,,,,,,,,,,,,,,,,,110402432,0,,,,,,,,,,,,,,,,
,3706010854.21728,12.2003536224365,0.134321764111519,,,7.013671,0.0002058728,0.04992609,,,18.31055,4.969813,0.1,0,0.0007013671,0.0007013668,6.111535E-07,,,,,,3000,-97.65549,-87.13763,,,,,,,,,,,,,,,,,,,,,110402432,0,,,,,,,,,,,,,,,,
,3706010863.88728,12.2011594772339,0.0976885557174683,,,7.013746,0.00019593,0.04993857,,,18.31055,4.969813,0.1,0,0.0007013746,0.0007013743,6.113127E-07,,,,,,3000,-101.3919,-86.30065,,,,,,,,,,,,,,,,,,,,,110402432,0,,,,,,,,,,,,,,,,
,3706010953.44424,12.4005002975464,0.158743903040886,,,6.988598,0.0001718016,0.05035113,,,18.31055,4.969813,0.1,0,0.0006988597,0.0006988595,6.14153E-07,,,,,,3000,-99.65095,-85.72263,,,,,,,,,,,,,,,,,,,,,110402432,0,,,,,,,,,,,,,,,,
,3706010970.27696,12.3994655609131,0.146532833576202,,,6.988911,0.0002210324,0.0501378,,,18.31055,4.969813,0.1,0,0.0006988911,0.0006988908,6.115783E-07,,,,,,3000,-101.6911,-87.12317,,,,,,,,,,,,,,,,,,,,,110402432,0,,,,,,,,,,,,,,,,
,3706010979.66667,12.4001188278198,0.183166027069092,,,6.988831,0.0002084469,0.0501166,,,18.31055,4.969813,0.1,0,0.000698883,0.0006988827,6.113127E-07,,,,,,3000,-99.50123,-86.76446,,,,,,,,,,,,,,,,,,,,,110402432,0,,,,,,,,,,,,,,,,
,3706010989.53662,12.4006786346436,0.122110687196255,,,6.988661,0.0001976565,0.05012,,,18.31055,4.969813,0.1,0,0.000698866,0.0006988657,6.113393E-07,,,,,,3000,-101.0291,-88.10623,,,,,,,,,,,,,,,,,,,,,110402432,0,,,,,,,,,,,,,,,,
,3706010999.11668,12.4004878997803,0.158743903040886,,,6.988592,0.0002082994,0.05010101,,,18.31055,4.969813,0.1,0,0.0006988592,0.0006988589,6.111017E-07,,,,,,3000,-99.73824,-87.20979,,,,,,,,,,,,,,,,,,,,,110402432,0,,,,,,,,,,,,,,,,
,3706011088.63525,12.6001129150391,0.0976885557174683,,,6.963183,0.0002192747,0.05032777,,,18.31055,4.969813,0.1,0,0.0006963183,0.000696318,6.116357E-07,,,,,,3000,-98.03754,-85.93253,,,,,,,,,,,,,,,,,,,,,110402432,0,,,,,,,,,,,,,,,,
,3706011105.89619,12.6008062362671,0.122110687196255,,,6.963248,0.0002543892,0.05017132,,,18.31055,4.969813,0.1,0,0.0006963248,0.0006963245,6.097401E-07,,,,,,3000,-98.96582,-87.80137,,,,,,,,,,,,,,,,,,,,,110402432,0,,,,,,,,,,,,,,,,
,3706011115.47612,12.6002569198608,0.109899625182152,,,6.963329,0.0002347598,0.05000533,,,18.31055,4.969813,0.1,0,0.0006963328,0.0006963325,6.077297E-07,,,,,,3000,-100.2232,-86.81355,,,,,,,,,,,,,,,,,,,,,110402432,0,,,,,,,,,,,,,,,,
,3706011124.94601,12.5996007919312,0.158743903040886,,,6.963346,0.0001952564,0.05009339,,,18.31055,4.969813,0.1,0,0.0006963346,0.0006963343,6.088014E-07,,,,,,3000,-101.3275,-87.77007,,,,,,,,,,,,,,,,,,,,,110402432,0,,,,,,,,,,,,,,,,
,3706011134.39596,12.5989446640015,0.170954972505569,,,6.963125,0.0001950253,0.0500825,,,18.31055,4.969813,0.1,0,0.0006963125,0.0006963122,6.086498E-07,,,,,,3000,-98.31063,-87.56546,,,,,,,,,,,,,,,,,,,,,110402432,0,,,,,,,,,,,,,,,,
,3706011246.58536,12.8006677627563,0.146532833576202,,,6.938869,0.000212729,0.05014566,,,18.31055,4.969813,0.1,0,0.0006938868,0.0006938865,6.072945E-07,,,,,,3000,-103.4074,-86.63898,,,,,,,,,,,,,,,,,,,,,110402432,0,,,,,,,,,,,,,,,,
,3706011255.67525,12.8015394210815,0.146532833576202,,,6.93862,0.0002167258,0.04996053,,,18.31055,4.969813,0.1,0,0.0006938619,0.0006938616,6.050307E-07,,,,,,3000,-99.28046,-87.60973,,,,,,,,,,,,,,,,,,,,,110402432,0,,,,,,,,,,,,,,,,
,3706011265.15515,12.7987174987793,0.146532833576202,,,6.938594,0.0002389503,0.05007219,,,18.31055,4.969813,0.1,0,0.0006938594,0.0006938591,6.063806E-07,,,,,,3000,-98.21464,-88.22359,,,,,,,,,,,,,,,,,,,,,110402432,0,,,,,,,,,,,,,,,,
,3706011274.54521,12.799222946167,0.170954972505569,,,6.9388,0.000217418,0.05009847,,,18.31055,4.969813,0.1,0,0.00069388,0.0006938797,6.067169E-07,,,,,,3000,-100.4236,-87.56982,,,,,,,,,,,,,,,,,,,,,110402432,0,,,,,,,,,,,,,,,,
,3706011283.93514,12.7980365753174,0.122110687196255,,,6.939217,0.0002128114,0.05011142,,,18.31055,4.969813,0.1,0,0.0006939217,0.0006939214,6.069103E-07,,,,,,3000,-99.59399,-86.67834,,,,,,,,,,,,,,,,,,,,,110402432,0,,,,,,,,,,,,,,,,
,3706011372.92905,13.0012826919556,0,,,6.914886,0.0001880374,0.05101315,,,18.31055,4.969813,0.1,0,0.0006914885,0.0006914882,6.156649E-07,,,,,,3000,-91.85828,-85.03633,,,,,,,,,,,,,,,,,,,,,110402432,0,,,,,,,,,,,,,,,,
,3706011373.18772,13.0012826919556,-0.0366332083940506,,,6.914886,0.0001880374,0.05101315,,,18.31055,4.969813,0.1,0,0.0006914885,0.0006914882,6.156649E-07,,,,,,3000,-91.85828,-85.03633,,,,,,,,,,,,,,,,,,,,,110402432,0,,,,,,,,,,,,,,,,
,3706011378.83677,12.9997100830078,0,,,6.914964,0.0002174732,0.05029574,,,18.31055,4.969813,0.1,0,0.0006914964,0.0006914961,6.070135E-07,,,,,,3000,-102.266,-87.23979,,,,,,,,,,,,,,,,,,,,,110402432,0,,,,,,,,,,,,,,,,
,3706011387.70652,12.9991302490234,-0.0122110694646835,,,6.915032,0.0002186387,0.05015871,,,18.31055,4.969813,0.1,0,0.0006915032,0.0006915029,6.053658E-07,,,,,,3000,-106.9438,-87.65152,,,,,,,,,,,,,,,,,,,,,110402432,0,,,,,,,,,,,,,,,,
,3706011397.00651,12.9991989135742,0.0366332083940506,,,6.915215,0.0002009328,0.05028456,,,18.31055,4.969813,0.1,0,0.0006915215,0.0006915212,6.069008E-07,,,,,,3000,-104.0566,-87.86228,,,,,,,,,,,,,,,,,,,,,110402432,0,,,,,,,,,,,,,,,,
,3706011486.94458,13.200252532959,-0.0122110694646835,,,6.891023,0.0002191114,0.05117645,,,18.31055,4.969813,0.1,0,0.0006891023,0.000689102,6.155045E-07,,,,,,3000,-93.67601,-85.02567,,,,,,,,,,,,,,,,,,,,,110402432,0,,,,,,,,,,,,,,,,
,3706011503.5659,13.1998300552368,-0.0122110694646835,,,6.891376,0.0002030239,0.05037396,,,18.31055,4.969813,0.1,0,0.0006891376,0.0006891373,6.058838E-07,,,,,,3000,-99.87024,-87.78619,,,,,,,,,,,,,,,,,,,,,110402432,0,,,,,,,,,,,,,,,,
,3706011513.14646,13.2011585235596,0,,,6.891194,0.000184183,0.05028116,,,18.31055,4.969813,0.1,0,0.0006891194,0.0006891191,6.047516E-07,,,,,,3000,-98.79123,-87.54086,,,,,,,,,,,,,,,,,,,,,110402432,0,,,,,,,,,,,,,,,,
,3706011519.316,13.2001848220825,-0.0244221389293671,,,6.891227,0.0002186863,0.05027161,,,18.31055,4.969813,0.1,0,0.0006891227,0.0006891224,6.046398E-07,,,,,,3000,-106.6764,-88.3422,,,,,,,,,,,,,,,,,,,,,110402432,0,,,,,,,,,,,,,,,,
,3706011529.01584,13.2004451751709,0,,,6.891312,0.0002148609,0.05027976,,,18.31055,4.969813,0.1,0,0.0006891311,0.0006891309,6.047452E-07,,,,,,3000,-101.2984,-87.71901,,,,,,,,,,,,,,,,,,,,,110402432,0,,,,,,,,,,,,,,,,
,3706011630.67528,13.4003038406372,0,,,6.868151,0.0001589934,0.05056499,,,18.31055,4.969813,0.1,0,0.0006868151,0.0006868148,6.061318E-07,,,,,,3000,-105.2684,-87.8614,,,,,,,,,,,,,,,,,,,,,110402432,0,,,,,,,,,,,,,,,,
,3706011640.05518,13.4003677368164,0.0122110694646835,,,6.86797,0.0002126592,0.0504,,,18.31055,4.969813,0.1,0,0.0006867969,0.0006867966,6.041381E-07,,,,,,3000,-108.9918,-89.21202,,,,,,,,,,,,,,,,,,,,,110402432,0,,,,,,,,,,,,,,,,
,3706011649.14521,13.3993291854858,-0.0244221389293671,,,6.868149,0.0001929335,0.05036053,,,18.31055,4.969813,0.1,0,0.0006868148,0.0006868145,6.036807E-07,,,,,,3000,-103.839,-88.88814,,,,,,,,,,,,,,,,,,,,,110402432,0,,,,,,,,,,,,,,,,
,3706011655.12511,13.3999423980713,0.0122110694646835,,,6.868142,0.0001906984,0.05057554,,,18.31055,4.969813,0.1,0,0.0006868142,0.0006868139,6.062575E-07,,,,,,3000,-99.10986,-89.08891,,,,,,,,,,,,,,,,,,,,,110402432,0,,,,,,,,,,,,,,,,
,3706011664.37514,13.4005718231201,0,,,6.868072,0.0001808816,0.05038797,,,18.31055,4.969813,0.1,0,0.0006868072,0.0006868069,6.040028E-07,,,,,,3000,-107.7689,-88.74409,,,,,,,,,,,,,,,,,,,,,110402432,0,,,,,,,,,,,,,,,,
,3706011753.79619,13.5995721817017,-0.0366332083940506,,,6.844801,0.008921172,0.05082322,,,18.31055,4.969813,0.1,0,0.0006844801,0.0006844798,6.07156E-07,,,,,,3000,-99.61821,-87.57079,,,,,,,,,,,,,,,,,,,,,110402432,0,,,,,,,,,,,,,,,,
,3706011754.05329,13.5995502471924,0,,,6.844729,0.0106068,0.05044202,,,18.31055,4.969813,0.1,0,0.0006844728,0.0006844726,6.025957E-07,,,,,,3000,-99.33562,-87.47735,,,,,,,,,,,,,,,,,,,,,110402432,0,,,,,,,,,,,,,,,,
,3706011760.12466,13.5994529724121,0.0122110694646835,,,6.844862,0.007336594,0.05047449,,,18.31055,4.969813,0.1,0,0.0006844862,0.0006844859,6.029953E-07,,,,,,3000,-104.254,-87.26131,,,,,,,,,,,,,,,,,,,,,110402432,0,,,,,,,,,,,,,,,,
,3706011769.61553,13.6012020111084,0,,,6.844664,0.01138283,0.05045751,,,18.31055,4.969813,0.1,0,0.0006844664,0.0006844661,6.027751E-07,,,,,,3000,-106.0963,-87.776,,,,,,,,,,,,,,,,,,,,,110402432,0,,,,,,,,,,,,,,,,
,3706011778.68455,13.6004514694214,0.0366332083940506,,,6.844583,0.01167094,0.05041511,,,18.31055,4.969813,0.1,0,0.0006844582,0.0006844579,6.022614E-07,,,,,,3000,-99.34871,-87.91109,,,,,,,,,,,,,,,,,,,,,110402432,0,,,,,,,,,,,,,,,,
,3706011885.33406,13.8001728057861,0.0488442778587341,,,6.82204,0.0001942753,0.05049123,,,18.31055,4.969813,0.1,0,0.0006822039,0.0006822036,6.011841E-07,,,,,,3000,-117.0146,-88.04295,,,,,,,,,,,,,,,,,,,,,110402432,0,,,,,,,,,,,,,,,,
,3706011894.78397,13.8008575439453,0.0366332083940506,,,6.821669,0.0001914091,0.05050355,,,18.31055,4.969813,0.1,0,0.0006821668,0.0006821665,6.012981E-07,,,,,,3000,-104.6235,-87.90642,,,,,,,,,,,,,,,,,,,,,110402432,0,,,,,,,,,,,,,,,,
,3706011904.20387,13.8012819290161,0.0610553435981274,,,6.821663,0.0001858475,0.05050912,,,18.31055,4.969813,0.1,0,0.0006821663,0.000682166,6.013639E-07,,,,,,3000,-98.76937,-88.13489,,,,,,,,,,,,,,,,,,,,,110402432,0,,,,,,,,,,,,,,,,
,3706011913.5739,13.8001728057861,0.0854774862527847,,,6.821826,0.000179774,0.05060998,,,18.31055,4.969813,0.1,0,0.0006821826,0.0006821823,6.025792E-07,,,,,,3000,-116.7481,-88.81825,,,,,,,,,,,,,,,,,,,,,110402432,0,,,,,,,,,,,,,,,,
,3706011923.1618,13.8002414703369,0.109899625182152,,,6.821791,0.000187871,0.05067885,,,18.31055,4.969813,0.1,0,0.0006821791,0.0006821788,6.033961E-07,,,,,,3000,-100.9169,-88.53177,,,,,,,,,,,,,,,,,,,,,110402432,0,,,,,,,,,,,,,,,,
,3706012013.37964,14.0007543563843,0.0732664167881012,,,6.79968,0.005698518,0.05096197,,,18.31055,4.969813,0.1,0,0.000679968,0.0006799677,6.048003E-07,,,,,,3000,-96.46655,-87.35832,,,,,,,,,,,,,,,,,,,,,110402432,0,,,,,,,,,,,,,,,,
,3706012025.36192,13.9995212554932,0.0854774862527847,,,6.799953,0.008391618,0.05046758,,,18.31055,4.969813,0.1,0,0.0006799952,0.0006799949,5.98957E-07,,,,,,3000,-103.4529,-88.47739,,,,,,,,,,,,,,,,,,,,,110402432,0,,,,,,,,,,,,,,,,
,3706012034.81157,13.9995718002319,0.0854774862527847,,,6.799953,0.008482779,0.05052547,,,18.31055,4.969813,0.1,0,0.0006799952,0.0006799949,5.996441E-07,,,,,,3000,-101.095,-87.77299,,,,,,,,,,,,,,,,,,,,,110402432,0,,,,,,,,,,,,,,,,
,3706012044.30165,14.0003032684326,0.109899625182152,,,6.799861,0.009076911,0.05053166,,,18.31055,4.969813,0.1,0,0.0006799861,0.0006799858,5.997094E-07,,,,,,3000,-107.4711,-88.25697,,,,,,,,,,,,,,,,,,,,,110402432,0,,,,,,,,,,,,,,,,
,3706012053.61339,14.0004539489746,0.0854774862527847,,,6.799812,0.00873762,0.05055593,,,18.31055,4.969813,0.1,0,0.0006799811,0.0006799808,5.999931E-07,,,,,,3000,-110.209,-88.22115,,,,,,,,,,,,,,,,,,,,,110402432,0,,,,,,,,,,,,,,,,
,3706012142.78071,14.2006168365479,0.109899625182152,,,6.777594,0.0002033107,0.05082178,,,18.31055,4.969813,0.1,0,0.0006777594,0.0006777591,6.011775E-07,,,,,,3000,-95.90862,-86.61388,,,,,,,,,,,,,,,,,,,,,110402432,0,,,,,,,,,,,,,,,,
,3706012165.54105,14.2012176513672,0.219799250364304,,,6.777812,0.0001864198,0.05061597,,,18.31055,4.969813,0.1,0,0.0006777811,0.0006777808,5.987622E-07,,,,,,3000,-105.7268,-89.75251,,,,,,,,,,,,,,,,,,,,,110402432,0,,,,,,,,,,,,,,,,
,3706012174.42096,14.2003726959229,0.219799250364304,,,6.777829,0.0002277099,0.05053449,,,18.31055,4.969813,0.1,0,0.0006777829,0.0006777826,5.977998E-07,,,,,,3000,-115.3594,-89.2049,,,,,,,,,,,,,,,,,,,,,110402432,0,,,,,,,,,,,,,,,,
,3706012183.36087,14.1990604400635,0.170954972505569,,,6.777958,0.0002540349,0.0504755,,,18.31055,4.969813,0.1,0,0.0006777958,0.0006777955,5.971133E-07,,,,,,3000,-106.3789,-89.68273,,,,,,,,,,,,,,,,,,,,,110402432,0,,,,,,,,,,,,,,,,
,3706012192.14071,14.1994361877441,0.170954972505569,,,6.777977,0.0001657467,0.05052058,,,18.31055,4.969813,0.1,0,0.0006777977,0.0006777974,5.976484E-07,,,,,,3000,-115.0918,-90.24499,,,,,,,,,,,,,,,,,,,,,110402432,0,,,,,,,,,,,,,,,,
,3706012301.51033,14.3891534805298,0.170954972505569,,,6.757403,0.000222898,0.05044432,,,18.31055,4.969813,0.1,0,0.0006757402,0.00067574,5.949348E-07,,,,,,3000,-106.6626,-91.23389,,,,,,,,,,,,,,,,,,,,,110402432,0,,,,,,,,,,,,,,,,
,3706012307.29021,14.3925180435181,0.170954972505569,,,6.757339,0.0001596953,0.05034202,,,18.31055,4.969813,0.1,0,0.0006757338,0.0006757336,5.937226E-07,,,,,,3000,-106.7706,-90.20967,,,,,,,,,,,,,,,,,,,,,110402432,0,,,,,,,,,,,,,,,,
,3706012316.30018,14.4004173278809,0.20758818089962,,,6.756339,0.0002120218,0.05037127,,,18.31055,4.969813,0.1,0,0.0006756338,0.0006756336,5.939797E-07,,,,,,3000,-102.8543,-89.34523,,,,,,,,,,,,,,,,,,,,,110402432,0,,,,,,,,,,,,,,,,
,3706012325.55019,14.4013023376465,0.232010304927826,,,6.756061,0.0001815419,0.05033084,,,18.31055,4.969813,0.1,0,0.000675606,0.0006756058,5.934785E-07,,,,,,3000,-102.5966,-89.13284,,,,,,,,,,,,,,,,,,,,,110402432,0,,,,,,,,,,,,,,,,
,3706012334.72011,14.403039932251,0.20758818089962,,,6.755993,0.0002614945,0.05061828,,,18.31055,4.969813,0.1,0,0.0006755993,0.000675599,5.968619E-07,,,,,,3000,-103.872,-89.07715,,,,,,,,,,,,,,,,,,,,,110402432,0,,,,,,,,,,,,,,,,
,3706012454.35952,14.6009759902954,0.183166027069092,,,6.734725,0.0001727727,0.04987694,,,18.31055,4.969813,0.1,0,0.0006734725,0.0006734722,5.86269E-07,,,,,,3000,-100.4134,-89.29668,,,,,,,,,,,,,,,,,,,,,110402432,0,,,,,,,,,,,,,,,,
,3706012463.92957,14.6023750305176,0.20758818089962,,,6.734622,0.009649755,0.0497942,,,18.31055,4.969813,0.1,0,0.0006734621,0.0006734618,5.852875E-07,,,,,,3000,-103.8834,-89.90938,,,,,,,,,,,,,,,,,,,,,110402432,0,,,,,,,,,,,,,,,,
,3706012473.11933,14.6564722061157,0.170954972505569,,,6.732623,0.01508675,0.04992365,,,18.31055,4.969813,0.1,0,0.0006732622,0.0006732619,5.866349E-07,,,,,,3000,-102.042,-90.43712,,,,,,,,,,,,,,,,,,,,,110402432,0,,,,,,,,,,,,,,,,
,3706012482.19929,14.6180143356323,0.20758818089962,,,6.730258,0.01006048,0.05026317,,,18.31055,4.969813,0.1,0,0.0006730258,0.0006730256,5.904171E-07,,,,,,3000,-99.19856,-88.81516,,,,,,,,,,,,,,,,,,,,,110402432,0,,,,,,,,,,,,,,,,
,3706012491.27931,14.6023511886597,0.134321764111519,,,6.734437,0.01685955,0.05020715,,,18.31055,4.969813,0.1,0,0.0006734436,0.0006734434,5.901251E-07,,,,,,3000,-97.62031,-89.47426,,,,,,,,,,,,,,,,,,,,,110402432,0,,,,,,,,,,,,,,,,
,3706012580.77885,14.8003702163696,0.170954972505569,,,6.71376,0.00236754,0.05110552,,,18.31055,4.969813,0.1,0,0.000671376,0.0006713757,5.988401E-07,,,,,,3000,-95.68669,-86.47091,,,,,,,,,,,,,,,,,,,,,110402432,0,,,,,,,,,,,,,,,,
,3706012581.13692,14.8003702163696,0.134321764111519,,,6.714024,0.0001761579,0.0503566,,,18.31055,4.969813,0.1,0,0.0006714023,0.000671402,5.900876E-07,,,,,,3000,-95.57413,-90.14373,,,,,,,,,,,,,,,,,,,,,110402432,0,,,,,,,,,,,,,,,,
,3706012588.08878,14.8017959594727,0.195377111434937,,,6.714046,0.0001487352,0.05039535,,,18.31055,4.969813,0.1,0,0.0006714045,0.0006714043,5.905437E-07,,,,,,3000,-100.3347,-88.93965,,,,,,,,,,,,,,,,,,,,,110402432,0,,,,,,,,,,,,,,,,
,3706012597.06908,14.8286962509155,0.219799250364304,,,6.712325,0.001691173,0.05047315,,,18.31055,4.969813,0.1,0,0.0006712324,0.0006712322,5.913037E-07,,,,,,3000,-97.47066,-90.3933,,,,,,,,,,,,,,,,,,,,,110402432,0,,,,,,,,,,,,,,,,
,3706012606.40874,14.8129205703735,0.170954972505569,,,6.712029,0.0002476527,0.05047176,,,18.31055,4.969813,0.1,0,0.0006712028,0.0006712026,5.912614E-07,,,,,,3000,-105.8216,-90.51591,,,,,,,,,,,,,,,,,,,,,110402432,0,,,,,,,,,,,,,,,,
,3706012712.91817,14.9998846054077,0.0488442778587341,,,6.692579,0.0148934,0.05052945,,,18.31055,4.969813,0.1,0,0.0006692578,0.0006692576,5.90222E-07,,,,,,3000,-107.3921,-90.22633,,,,,,,,,,,,,,,,,,,,,110402432,0,,,,,,,,,,,,,,,,
,3706012728.65804,15.0006132125854,0.0244221389293671,,,6.69266,0.01308356,0.05063847,,,18.31055,4.969813,0.1,0,0.0006692659,0.0006692657,5.915026E-07,,,,,,3000,-104.3102,-90.6639,,,,,,,,,,,,,,,,,,,,,110402432,0,,,,,,,,,,,,,,,,
,3706012737.73807,15.0001888275146,0.0732664167881012,,,6.692535,0.01477283,0.05061377,,,18.31055,4.969813,0.1,0,0.0006692534,0.0006692532,5.912029E-07,,,,,,3000,-112.6238,-90.25471,,,,,,,,,,,,,,,,,,,,,110402432,0,,,,,,,,,,,,,,,,
,3706012747.11797,14.999683380127,0.0488442778587341,,,6.692805,0.008537093,0.05045765,,,18.31055,4.969813,0.1,0,0.0006692804,0.0006692802,5.894032E-07,,,,,,3000,-105.2231,-91.19236,,,,,,,,,,,,,,,,,,,,,110402432,0,,,,,,,,,,,,,,,,
,3706012756.49801,14.9994459152222,0.0244221389293671,,,6.692901,0.0001574372,0.05053871,,,18.31055,4.969813,0.1,0,0.00066929,0.0006692898,5.903585E-07,,,,,,3000,-109.5177,-90.66581,,,,,,,,,,,,,,,,,,,,,110402432,0,,,,,,,,,,,,,,,,
,3706012801.5677,14.9995050430298,0.0244221389293671,,,6.693198,0.0001697826,0.0507849,,,18.31055,4.969813,0.1,0,0.0006693198,0.0006693195,5.932607E-07,,,,,,3000,-101.4263,-89.13528,,,,,,,,,,,,,,,,,,,,,110402432,0,,,,,,,,,,,,,,,,
,3706012811.15761,15.0006895065308,0.0488442778587341,,,6.693226,0.0001566524,0.05070912,,,18.31055,4.969813,0.1,0,0.0006693226,0.0006693223,5.923779E-07,,,,,,3000,-104.1943,-90.51086,,,,,,,,,,,,,,,,,,,,,110402432,0,,,,,,,,,,,,,,,,
,3706012817.29761,14.999813079834,-0.0122110694646835,,,6.693242,0.0001534487,0.05081478,,,18.31055,4.969813,0.1,0,0.0006693242,0.0006693239,5.936136E-07,,,,,,3000,-106.3395,-90.8866,,,,,,,,,,,,,,,,,,,,,110402432,0,,,,,,,,,,,,,,,,
,3706012826.64712,14.9998846054077,0.0610553435981274,,,6.693115,0.0001729502,0.0507094,,,18.31055,4.969813,0.1,0,0.0006693115,0.0006693112,5.923714E-07,,,,,,3000,-107.5719,-89.6826,,,,,,,,,,,,,,,,,,,,,110402432,0,,,,,,,,,,,,,,,,
,3706012836.02749,14.9986181259155,0.0244221389293671,,,6.693132,0.0001588562,0.0508412,,,18.31055,4.969813,0.1,0,0.0006693132,0.0006693129,5.939126E-07,,,,,,3000,-102.8186,-88.66029,,,,,,,,,,,,,,,,,,,,,110402432,0,,,,,,,,,,,,,,,,
,3706012967.23623,19.9997234344482,0.0366332083940506,,,6.250655,0.0001455616,0.05260274,,,18.31055,4.969813,0.1,0,0.0006250655,0.0006250652,5.738669E-07,,,,,,3000,-94.65892,-93.06583,,,,,,,,,,,,,,,,,,,,,110402432,0,,,,,,,,,,,,,,,,
,3706012979.58688,20.0012893676758,-0.0488442778587341,,,6.250631,0.0001183648,0.05218677,,,18.31055,4.969813,0.1,0,0.0006250631,0.0006250629,5.693267E-07,,,,,,3000,-101.1211,-96.80686,,,,,,,,,,,,,,,,,,,,,110402432,0,,,,,,,,,,,,,,,,
,3706012988.87668,20.0002517700195,-0.0488442778587341,,,6.250533,0.0001902727,0.05223056,,,18.31055,4.969813,0.1,0,0.0006250532,0.000625053,5.697954E-07,,,,,,3000,-104.9064,-93.70956,,,,,,,,,,,,,,,,,,,,,110402432,0,,,,,,,,,,,,,,,,
,3706012997.85662,20.000602722168,0,,,6.250672,0.000169602,0.05230989,,,18.31055,4.969813,0.1,0,0.0006250672,0.0006250669,5.706736E-07,,,,,,3000,-102.6353,-94.58492,,,,,,,,,,,,,,,,,,,,,110402432,0,,,,,,,,,,,,,,,,
,3706013004.05674,19.9995517730713,0,,,6.250707,0.0001235819,0.05230422,,,18.31055,4.969813,0.1,0,0.0006250706,0.0006250704,5.706149E-07,,,,,,3000,-109.1497,-95.18358,,,,,,,,,,,,,,,,,,,,,110402432,0,,,,,,,,,,,,,,,,
,3706013141.77372,24.9973297119141,0.20758818089962,,,5.909609,0.0001017979,0.05369305,,,18.31055,4.969813,0.1,0,0.0005909609,0.0005909607,5.538015E-07,,,,,,3000,-93.4169,-92.69814,,,,,,,,,,,,,,,,,,,,,110402432,0,,,,,,,,,,,,,,,,
,3706013142.13304,24.9979724884033,0.20758818089962,,,5.90952,8.909589E-05,0.05343439,,,18.31055,4.969813,0.1,0,0.000590952,0.0005909518,5.511254E-07,,,,,,3000,-95.46004,-96.31087,,,,,,,,,,,,,,,,,,,,,110402432,0,,,,,,,,,,,,,,,,
,3706013147.43582,24.9999485015869,0.183166027069092,,,5.909428,9.479676E-05,0.053399,,,18.31055,4.969813,0.1,0,0.0005909427,0.0005909425,5.507516E-07,,,,,,3000,-95.79237,-95.58632,,,,,,,,,,,,,,,,,,,,,110402432,0,,,,,,,,,,,,,,,,
,3706013157.11586,24.9994945526123,0.219799250364304,,,5.909313,9.833319E-05,0.05347262,,,18.31055,4.969813,0.1,0,0.0005909312,0.000590931,5.515002E-07,,,,,,3000,-94.72728,-97.4104,,,,,,,,,,,,,,,,,,,,,110402432,0,,,,,,,,,,,,,,,,
,3706013166.59586,24.9998397827148,0.146532833576202,,,5.909345,0.0001337466,0.05332619,,,18.31055,4.969813,0.1,0,0.0005909344,0.0005909342,5.49993E-07,,,,,,3000,-95.87022,-98.02118,,,,,,,,,,,,,,,,,,,,,110402432,0,,,,,,,,,,,,,,,,